generation,futures_type,lifecycle_stage,strategy,timeframe,YYYY-MM,instrument,coverage_start_date,instrument_available,partial_coverage_month,coverage_status,trades,net_R,positive_month,negative_month,zero_month
v2,quarterly,baseline,T2,M30,2020-01,Si,2020-01-01,true,false,AVAILABLE,1,-1.00001213085,false,true,false
v2,quarterly,baseline,T2,M30,2020-01,CNY,2022-04-21,false,false,NOT_YET_AVAILABLE,0,0,false,false,false
v2,quarterly,baseline,T2,M30,2020-01,GD,2020-01-01,true,false,AVAILABLE,2,0.16123538776,true,false,false
v2,quarterly,baseline,T2,M30,2020-01,BR,2020-01-01,true,false,AVAILABLE,2,-1.29305867038,false,true,false
v2,quarterly,baseline,T2,M30,2020-01,MIX,2020-01-01,true,false,AVAILABLE,1,-0.932039538076,false,true,false
v2,quarterly,baseline,T2,M30,2020-01,NG,2020-02-03,false,false,NOT_YET_AVAILABLE,0,0,false,false,false
v2,quarterly,baseline,T2,M30,2020-02,Si,2020-01-01,true,false,AVAILABLE,2,2.64634053345,true,false,false
v2,quarterly,baseline,T2,M30,2020-02,CNY,2022-04-21,false,false,NOT_YET_AVAILABLE,0,0,false,false,false
v2,quarterly,baseline,T2,M30,2020-02,GD,2020-01-01,true,false,AVAILABLE,5,4.24800183828,true,false,false
v2,quarterly,baseline,T2,M30,2020-02,BR,2020-01-01,true,false,AVAILABLE,3,1.25258941462,true,false,false
v2,quarterly,baseline,T2,M30,2020-02,MIX,2020-01-01,true,false,AVAILABLE,5,5.94453082293,true,false,false
v2,quarterly,baseline,T2,M30,2020-02,NG,2020-02-03,true,true,AVAILABLE,1,-1.00548548845,false,true,false
v2,quarterly,baseline,T2,M30,2020-03,Si,2020-01-01,true,false,AVAILABLE,3,-1.64416215023,false,true,false
v2,quarterly,baseline,T2,M30,2020-03,CNY,2022-04-21,false,false,NOT_YET_AVAILABLE,0,0,false,false,false
v2,quarterly,baseline,T2,M30,2020-03,GD,2020-01-01,true,false,AVAILABLE,3,-1.80350558544,false,true,false
v2,quarterly,baseline,T2,M30,2020-03,BR,2020-01-01,true,false,AVAILABLE,6,10.1958730286,true,false,false
v2,quarterly,baseline,T2,M30,2020-03,MIX,2020-01-01,true,false,AVAILABLE,3,0.575400285493,true,false,false
v2,quarterly,baseline,T2,M30,2020-03,NG,2020-02-03,true,false,AVAILABLE,2,-1.45190783711,false,true,false
v2,quarterly,baseline,T2,M30,2020-04,Si,2020-01-01,true,false,AVAILABLE,5,-0.915748993066,false,true,false
v2,quarterly,baseline,T2,M30,2020-04,CNY,2022-04-21,false,false,NOT_YET_AVAILABLE,0,0,false,false,false
v2,quarterly,baseline,T2,M30,2020-04,GD,2020-01-01,true,false,AVAILABLE,8,-4.58040093764,false,true,false
v2,quarterly,baseline,T2,M30,2020-04,BR,2020-01-01,true,false,AVAILABLE,5,1.42180008056,true,false,false
v2,quarterly,baseline,T2,M30,2020-04,MIX,2020-01-01,true,false,AVAILABLE,7,-3.94598890072,false,true,false
v2,quarterly,baseline,T2,M30,2020-04,NG,2020-02-03,true,false,AVAILABLE,6,-3.22704002868,false,true,false
v2,quarterly,baseline,T2,M30,2020-05,Si,2020-01-01,true,false,AVAILABLE,5,0.984985203489,true,false,false
v2,quarterly,baseline,T2,M30,2020-05,CNY,2022-04-21,false,false,NOT_YET_AVAILABLE,0,0,false,false,false
v2,quarterly,baseline,T2,M30,2020-05,GD,2020-01-01,true,false,AVAILABLE,4,0.714939736276,true,false,false
v2,quarterly,baseline,T2,M30,2020-05,BR,2020-01-01,true,false,AVAILABLE,4,12.1874886094,true,false,false
v2,quarterly,baseline,T2,M30,2020-05,MIX,2020-01-01,true,false,AVAILABLE,2,2.2506497022,true,false,false
v2,quarterly,baseline,T2,M30,2020-05,NG,2020-02-03,true,false,AVAILABLE,1,1.29618121016,true,false,false
v2,quarterly,baseline,T2,M30,2020-06,Si,2020-01-01,true,false,AVAILABLE,3,1.25599933332,true,false,false
v2,quarterly,baseline,T2,M30,2020-06,CNY,2022-04-21,false,false,NOT_YET_AVAILABLE,0,0,false,false,false
v2,quarterly,baseline,T2,M30,2020-06,GD,2020-01-01,true,false,AVAILABLE,4,6.33498246711,true,false,false
v2,quarterly,baseline,T2,M30,2020-06,BR,2020-01-01,true,false,AVAILABLE,3,-0.971139177887,false,true,false
v2,quarterly,baseline,T2,M30,2020-06,MIX,2020-01-01,true,false,AVAILABLE,4,-1.09416490319,false,true,false
v2,quarterly,baseline,T2,M30,2020-06,NG,2020-02-03,true,false,AVAILABLE,1,0.499582993301,true,false,false
v2,quarterly,baseline,T2,M30,2020-07,Si,2020-01-01,true,false,AVAILABLE,3,1.09793553995,true,false,false
v2,quarterly,baseline,T2,M30,2020-07,CNY,2022-04-21,false,false,NOT_YET_AVAILABLE,0,0,false,false,false
v2,quarterly,baseline,T2,M30,2020-07,GD,2020-01-01,true,false,AVAILABLE,6,0.695580478408,true,false,false
v2,quarterly,baseline,T2,M30,2020-07,BR,2020-01-01,true,false,AVAILABLE,3,-2.06614406106,false,true,false
v2,quarterly,baseline,T2,M30,2020-07,MIX,2020-01-01,true,false,AVAILABLE,5,9.2296608433,true,false,false
v2,quarterly,baseline,T2,M30,2020-07,NG,2020-02-03,true,false,AVAILABLE,4,5.79199558749,true,false,false
v2,quarterly,baseline,T2,M30,2020-08,Si,2020-01-01,true,false,AVAILABLE,4,-3.04454318048,false,true,false
v2,quarterly,baseline,T2,M30,2020-08,CNY,2022-04-21,false,false,NOT_YET_AVAILABLE,0,0,false,false,false
v2,quarterly,baseline,T2,M30,2020-08,GD,2020-01-01,true,false,AVAILABLE,7,-4.14009278667,false,true,false
v2,quarterly,baseline,T2,M30,2020-08,BR,2020-01-01,true,false,NO_TRADES,0,0,false,false,true
v2,quarterly,baseline,T2,M30,2020-08,MIX,2020-01-01,true,false,AVAILABLE,6,0.827193019197,true,false,false
v2,quarterly,baseline,T2,M30,2020-08,NG,2020-02-03,true,false,AVAILABLE,7,-0.413845079216,false,true,false
v2,quarterly,baseline,T2,M30,2020-09,Si,2020-01-01,true,false,AVAILABLE,5,-4.45592031771,false,true,false
v2,quarterly,baseline,T2,M30,2020-09,CNY,2022-04-21,false,false,NOT_YET_AVAILABLE,0,0,false,false,false
v2,quarterly,baseline,T2,M30,2020-09,GD,2020-01-01,true,false,AVAILABLE,5,5.35084526386,true,false,false
v2,quarterly,baseline,T2,M30,2020-09,BR,2020-01-01,true,false,AVAILABLE,6,-2.83889254734,false,true,false
v2,quarterly,baseline,T2,M30,2020-09,MIX,2020-01-01,true,false,AVAILABLE,4,-1.42953572683,false,true,false
v2,quarterly,baseline,T2,M30,2020-09,NG,2020-02-03,true,false,AVAILABLE,6,-2.65639263219,false,true,false
v2,quarterly,baseline,T2,M30,2020-10,Si,2020-01-01,true,false,AVAILABLE,8,-2.01851026518,false,true,false
v2,quarterly,baseline,T2,M30,2020-10,CNY,2022-04-21,false,false,NOT_YET_AVAILABLE,0,0,false,false,false
v2,quarterly,baseline,T2,M30,2020-10,GD,2020-01-01,true,false,AVAILABLE,2,-1.74499032203,false,true,false
v2,quarterly,baseline,T2,M30,2020-10,BR,2020-01-01,true,false,AVAILABLE,2,-1.53608332861,false,true,false
v2,quarterly,baseline,T2,M30,2020-10,MIX,2020-01-01,true,false,AVAILABLE,2,-1.56110929831,false,true,false
v2,quarterly,baseline,T2,M30,2020-10,NG,2020-02-03,true,false,AVAILABLE,4,-1.76960001732,false,true,false
v2,quarterly,baseline,T2,M30,2020-11,Si,2020-01-01,true,false,AVAILABLE,3,-1.47015710137,false,true,false
v2,quarterly,baseline,T2,M30,2020-11,CNY,2022-04-21,false,false,NOT_YET_AVAILABLE,0,0,false,false,false
v2,quarterly,baseline,T2,M30,2020-11,GD,2020-01-01,true,false,AVAILABLE,2,-1.1261909338,false,true,false
v2,quarterly,baseline,T2,M30,2020-11,BR,2020-01-01,true,false,AVAILABLE,3,4.53035571976,true,false,false
v2,quarterly,baseline,T2,M30,2020-11,MIX,2020-01-01,true,false,AVAILABLE,5,6.57241366827,true,false,false
v2,quarterly,baseline,T2,M30,2020-11,NG,2020-02-03,true,false,AVAILABLE,4,4.73491758671,true,false,false
v2,quarterly,baseline,T2,M30,2020-12,Si,2020-01-01,true,false,AVAILABLE,6,-2.5277095264,false,true,false
v2,quarterly,baseline,T2,M30,2020-12,CNY,2022-04-21,false,false,NOT_YET_AVAILABLE,0,0,false,false,false
v2,quarterly,baseline,T2,M30,2020-12,GD,2020-01-01,true,false,AVAILABLE,3,-1.76516064667,false,true,false
v2,quarterly,baseline,T2,M30,2020-12,BR,2020-01-01,true,false,AVAILABLE,1,0.250191948191,true,false,false
v2,quarterly,baseline,T2,M30,2020-12,MIX,2020-01-01,true,false,AVAILABLE,6,6.46099821681,true,false,false
v2,quarterly,baseline,T2,M30,2020-12,NG,2020-02-03,true,false,AVAILABLE,2,-1.71379392783,false,true,false
v2,quarterly,baseline,T2,M30,2021-01,Si,2020-01-01,true,false,AVAILABLE,3,-1.26173962151,false,true,false
v2,quarterly,baseline,T2,M30,2021-01,CNY,2022-04-21,false,false,NOT_YET_AVAILABLE,0,0,false,false,false
v2,quarterly,baseline,T2,M30,2021-01,GD,2020-01-01,true,false,AVAILABLE,2,-0.557508957864,false,true,false
v2,quarterly,baseline,T2,M30,2021-01,BR,2020-01-01,true,false,AVAILABLE,4,1.29685327034,true,false,false
v2,quarterly,baseline,T2,M30,2021-01,MIX,2020-01-01,true,false,AVAILABLE,3,4.32051702348,true,false,false
v2,quarterly,baseline,T2,M30,2021-01,NG,2020-02-03,true,false,AVAILABLE,3,1.51170261989,true,false,false
v2,quarterly,baseline,T2,M30,2021-02,Si,2020-01-01,true,false,AVAILABLE,2,0.11578241396,true,false,false
v2,quarterly,baseline,T2,M30,2021-02,CNY,2022-04-21,false,false,NOT_YET_AVAILABLE,0,0,false,false,false
v2,quarterly,baseline,T2,M30,2021-02,GD,2020-01-01,true,false,AVAILABLE,3,0.81120453076,true,false,false
v2,quarterly,baseline,T2,M30,2021-02,BR,2020-01-01,true,false,AVAILABLE,8,-0.910025217646,false,true,false
v2,quarterly,baseline,T2,M30,2021-02,MIX,2020-01-01,true,false,AVAILABLE,4,1.21632001967,true,false,false
v2,quarterly,baseline,T2,M30,2021-02,NG,2020-02-03,true,false,AVAILABLE,3,1.47157348866,true,false,false
v2,quarterly,baseline,T2,M30,2021-03,Si,2020-01-01,true,false,AVAILABLE,4,-1.17818091261,false,true,false
v2,quarterly,baseline,T2,M30,2021-03,CNY,2022-04-21,false,false,NOT_YET_AVAILABLE,0,0,false,false,false
v2,quarterly,baseline,T2,M30,2021-03,GD,2020-01-01,true,false,AVAILABLE,3,-1.5597617326,false,true,false
v2,quarterly,baseline,T2,M30,2021-03,BR,2020-01-01,true,false,AVAILABLE,5,7.63587521208,true,false,false
v2,quarterly,baseline,T2,M30,2021-03,MIX,2020-01-01,true,false,AVAILABLE,5,4.82472907357,true,false,false
v2,quarterly,baseline,T2,M30,2021-03,NG,2020-02-03,true,false,AVAILABLE,6,4.84285786046,true,false,false
v2,quarterly,baseline,T2,M30,2021-04,Si,2020-01-01,true,false,AVAILABLE,4,-3.34262145373,false,true,false
v2,quarterly,baseline,T2,M30,2021-04,CNY,2022-04-21,false,false,NOT_YET_AVAILABLE,0,0,false,false,false
v2,quarterly,baseline,T2,M30,2021-04,GD,2020-01-01,true,false,AVAILABLE,2,-0.802520934374,false,true,false
v2,quarterly,baseline,T2,M30,2021-04,BR,2020-01-01,true,false,AVAILABLE,2,-0.674448779694,false,true,false
v2,quarterly,baseline,T2,M30,2021-04,MIX,2020-01-01,true,false,AVAILABLE,2,-1.55322500741,false,true,false
v2,quarterly,baseline,T2,M30,2021-04,NG,2020-02-03,true,false,AVAILABLE,4,1.44694077831,true,false,false
v2,quarterly,baseline,T2,M30,2021-05,Si,2020-01-01,true,false,AVAILABLE,4,-0.646500893581,false,true,false
v2,quarterly,baseline,T2,M30,2021-05,CNY,2022-04-21,false,false,NOT_YET_AVAILABLE,0,0,false,false,false
v2,quarterly,baseline,T2,M30,2021-05,GD,2020-01-01,true,false,AVAILABLE,3,-2.42987150346,false,true,false
v2,quarterly,baseline,T2,M30,2021-05,BR,2020-01-01,true,false,AVAILABLE,5,1.6449578432,true,false,false
v2,quarterly,baseline,T2,M30,2021-05,MIX,2020-01-01,true,false,AVAILABLE,8,1.85993726288,true,false,false
v2,quarterly,baseline,T2,M30,2021-05,NG,2020-02-03,true,false,AVAILABLE,3,-1.56242869039,false,true,false
v2,quarterly,baseline,T2,M30,2021-06,Si,2020-01-01,true,false,AVAILABLE,4,-1.76053459176,false,true,false
v2,quarterly,baseline,T2,M30,2021-06,CNY,2022-04-21,false,false,NOT_YET_AVAILABLE,0,0,false,false,false
v2,quarterly,baseline,T2,M30,2021-06,GD,2020-01-01,true,false,AVAILABLE,6,-3.95211123962,false,true,false
v2,quarterly,baseline,T2,M30,2021-06,BR,2020-01-01,true,false,AVAILABLE,7,0.807723055153,true,false,false
v2,quarterly,baseline,T2,M30,2021-06,MIX,2020-01-01,true,false,AVAILABLE,4,13.1670072202,true,false,false
v2,quarterly,baseline,T2,M30,2021-06,NG,2020-02-03,true,false,AVAILABLE,4,3.39747405059,true,false,false
v2,quarterly,baseline,T2,M30,2021-07,Si,2020-01-01,true,false,AVAILABLE,4,4.56891644571,true,false,false
v2,quarterly,baseline,T2,M30,2021-07,CNY,2022-04-21,false,false,NOT_YET_AVAILABLE,0,0,false,false,false
v2,quarterly,baseline,T2,M30,2021-07,GD,2020-01-01,true,false,AVAILABLE,3,-1.64746484256,false,true,false
v2,quarterly,baseline,T2,M30,2021-07,BR,2020-01-01,true,false,AVAILABLE,5,1.1591376261,true,false,false
v2,quarterly,baseline,T2,M30,2021-07,MIX,2020-01-01,true,false,AVAILABLE,7,7.34365476856,true,false,false
v2,quarterly,baseline,T2,M30,2021-07,NG,2020-02-03,true,false,AVAILABLE,5,-1.56667032034,false,true,false
v2,quarterly,baseline,T2,M30,2021-08,Si,2020-01-01,true,false,AVAILABLE,6,-2.24203219517,false,true,false
v2,quarterly,baseline,T2,M30,2021-08,CNY,2022-04-21,false,false,NOT_YET_AVAILABLE,0,0,false,false,false
v2,quarterly,baseline,T2,M30,2021-08,GD,2020-01-01,true,false,AVAILABLE,1,1.59272916778,true,false,false
v2,quarterly,baseline,T2,M30,2021-08,BR,2020-01-01,true,false,AVAILABLE,12,-3.00373059924,false,true,false
v2,quarterly,baseline,T2,M30,2021-08,MIX,2020-01-01,true,false,AVAILABLE,12,-4.78340106372,false,true,false
v2,quarterly,baseline,T2,M30,2021-08,NG,2020-02-03,true,false,AVAILABLE,4,2.43265334748,true,false,false
v2,quarterly,baseline,T2,M30,2021-09,Si,2020-01-01,true,false,AVAILABLE,7,-0.585217505715,false,true,false
v2,quarterly,baseline,T2,M30,2021-09,CNY,2022-04-21,false,false,NOT_YET_AVAILABLE,0,0,false,false,false
v2,quarterly,baseline,T2,M30,2021-09,GD,2020-01-01,true,false,AVAILABLE,2,0.70621026054,true,false,false
v2,quarterly,baseline,T2,M30,2021-09,BR,2020-01-01,true,false,AVAILABLE,5,-0.758944749108,false,true,false
v2,quarterly,baseline,T2,M30,2021-09,MIX,2020-01-01,true,false,AVAILABLE,6,-0.575034588894,false,true,false
v2,quarterly,baseline,T2,M30,2021-09,NG,2020-02-03,true,false,AVAILABLE,5,1.15252939157,true,false,false
v2,quarterly,baseline,T2,M30,2021-10,Si,2020-01-01,true,false,AVAILABLE,5,4.39671022335,true,false,false
v2,quarterly,baseline,T2,M30,2021-10,CNY,2022-04-21,false,false,NOT_YET_AVAILABLE,0,0,false,false,false
v2,quarterly,baseline,T2,M30,2021-10,GD,2020-01-01,true,false,AVAILABLE,2,-1.32173387497,false,true,false
v2,quarterly,baseline,T2,M30,2021-10,BR,2020-01-01,true,false,AVAILABLE,9,-2.37851216551,false,true,false
v2,quarterly,baseline,T2,M30,2021-10,MIX,2020-01-01,true,false,AVAILABLE,7,-0.0128513707946,false,true,false
v2,quarterly,baseline,T2,M30,2021-10,NG,2020-02-03,true,false,AVAILABLE,6,-1.65862936083,false,true,false
v2,quarterly,baseline,T2,M30,2021-11,Si,2020-01-01,true,false,AVAILABLE,7,-3.47738731144,false,true,false
v2,quarterly,baseline,T2,M30,2021-11,CNY,2022-04-21,false,false,NOT_YET_AVAILABLE,0,0,false,false,false
v2,quarterly,baseline,T2,M30,2021-11,GD,2020-01-01,true,false,AVAILABLE,7,-1.59233015484,false,true,false
v2,quarterly,baseline,T2,M30,2021-11,BR,2020-01-01,true,false,AVAILABLE,5,-5.02424071262,false,true,false
v2,quarterly,baseline,T2,M30,2021-11,MIX,2020-01-01,true,false,AVAILABLE,6,0.625701471024,true,false,false
v2,quarterly,baseline,T2,M30,2021-11,NG,2020-02-03,true,false,AVAILABLE,5,-2.48832681725,false,true,false
v2,quarterly,baseline,T2,M30,2021-12,Si,2020-01-01,true,false,AVAILABLE,6,-1.76401271742,false,true,false
v2,quarterly,baseline,T2,M30,2021-12,CNY,2022-04-21,false,false,NOT_YET_AVAILABLE,0,0,false,false,false
v2,quarterly,baseline,T2,M30,2021-12,GD,2020-01-01,true,false,AVAILABLE,4,0.000598019633,true,false,false
v2,quarterly,baseline,T2,M30,2021-12,BR,2020-01-01,true,false,AVAILABLE,9,2.2978439088,true,false,false
v2,quarterly,baseline,T2,M30,2021-12,MIX,2020-01-01,true,false,AVAILABLE,5,3.67355539681,true,false,false
v2,quarterly,baseline,T2,M30,2021-12,NG,2020-02-03,true,false,AVAILABLE,6,-0.530276082064,false,true,false
v2,quarterly,baseline,T2,M30,2022-01,Si,2020-01-01,true,false,AVAILABLE,7,-3.34171686806,false,true,false
v2,quarterly,baseline,T2,M30,2022-01,CNY,2022-04-21,false,false,NOT_YET_AVAILABLE,0,0,false,false,false
v2,quarterly,baseline,T2,M30,2022-01,GD,2020-01-01,true,false,AVAILABLE,5,-2.66935691636,false,true,false
v2,quarterly,baseline,T2,M30,2022-01,BR,2020-01-01,true,false,AVAILABLE,6,3.63041149076,true,false,false
v2,quarterly,baseline,T2,M30,2022-01,MIX,2020-01-01,true,false,AVAILABLE,4,-3.23663915463,false,true,false
v2,quarterly,baseline,T2,M30,2022-01,NG,2020-02-03,true,false,AVAILABLE,1,-0.495791958066,false,true,false
v2,quarterly,baseline,T2,M30,2022-02,Si,2020-01-01,true,false,AVAILABLE,8,-0.285877475269,false,true,false
v2,quarterly,baseline,T2,M30,2022-02,CNY,2022-04-21,false,false,NOT_YET_AVAILABLE,0,0,false,false,false
v2,quarterly,baseline,T2,M30,2022-02,GD,2020-01-01,true,false,AVAILABLE,2,-0.399714018554,false,true,false
v2,quarterly,baseline,T2,M30,2022-02,BR,2020-01-01,true,false,AVAILABLE,3,-1.13788157941,false,true,false
v2,quarterly,baseline,T2,M30,2022-02,MIX,2020-01-01,true,false,AVAILABLE,7,7.257471546,true,false,false
v2,quarterly,baseline,T2,M30,2022-02,NG,2020-02-03,true,false,AVAILABLE,7,-1.27974781174,false,true,false
v2,quarterly,baseline,T2,M30,2022-03,Si,2020-01-01,true,false,AVAILABLE,1,-0.183576629756,false,true,false
v2,quarterly,baseline,T2,M30,2022-03,CNY,2022-04-21,false,false,NOT_YET_AVAILABLE,0,0,false,false,false
v2,quarterly,baseline,T2,M30,2022-03,GD,2020-01-01,true,false,AVAILABLE,2,-1.13438013393,false,true,false
v2,quarterly,baseline,T2,M30,2022-03,BR,2020-01-01,true,false,AVAILABLE,1,-1.00147823979,false,true,false
v2,quarterly,baseline,T2,M30,2022-03,MIX,2020-01-01,true,false,NO_TRADES,0,0,false,false,true
v2,quarterly,baseline,T2,M30,2022-03,NG,2020-02-03,true,false,AVAILABLE,2,2.29199718125,true,false,false
v2,quarterly,baseline,T2,M30,2022-04,Si,2020-01-01,true,false,NO_TRADES,0,0,false,false,true
v2,quarterly,baseline,T2,M30,2022-04,CNY,2022-04-21,true,true,NO_TRADES,0,0,false,false,true
v2,quarterly,baseline,T2,M30,2022-04,GD,2020-01-01,true,false,AVAILABLE,3,4.80613384032,true,false,false
v2,quarterly,baseline,T2,M30,2022-04,BR,2020-01-01,true,false,AVAILABLE,1,0.0812456614824,true,false,false
v2,quarterly,baseline,T2,M30,2022-04,MIX,2020-01-01,true,false,AVAILABLE,2,-1.93236049167,false,true,false
v2,quarterly,baseline,T2,M30,2022-04,NG,2020-02-03,true,false,AVAILABLE,3,5.4416574604,true,false,false
v2,quarterly,baseline,T2,M30,2022-05,Si,2020-01-01,true,false,AVAILABLE,3,0.427602579218,true,false,false
v2,quarterly,baseline,T2,M30,2022-05,CNY,2022-04-21,true,false,AVAILABLE,2,-0.300960853,false,true,false
v2,quarterly,baseline,T2,M30,2022-05,GD,2020-01-01,true,false,AVAILABLE,1,-1.00018671077,false,true,false
v2,quarterly,baseline,T2,M30,2022-05,BR,2020-01-01,true,false,AVAILABLE,3,-0.1486301879,false,true,false
v2,quarterly,baseline,T2,M30,2022-05,MIX,2020-01-01,true,false,AVAILABLE,1,-0.610049463947,false,true,false
v2,quarterly,baseline,T2,M30,2022-05,NG,2020-02-03,true,false,AVAILABLE,1,-0.756408858393,false,true,false
v2,quarterly,baseline,T2,M30,2022-06,Si,2020-01-01,true,false,AVAILABLE,3,-0.317029020426,false,true,false
v2,quarterly,baseline,T2,M30,2022-06,CNY,2022-04-21,true,false,AVAILABLE,2,1.55135162476,true,false,false
v2,quarterly,baseline,T2,M30,2022-06,GD,2020-01-01,true,false,AVAILABLE,2,1.73469928489,true,false,false
v2,quarterly,baseline,T2,M30,2022-06,BR,2020-01-01,true,false,AVAILABLE,3,0.272162464858,true,false,false
v2,quarterly,baseline,T2,M30,2022-06,MIX,2020-01-01,true,false,AVAILABLE,3,1.40658589625,true,false,false
v2,quarterly,baseline,T2,M30,2022-06,NG,2020-02-03,true,false,AVAILABLE,2,2.5715434797,true,false,false
v2,quarterly,baseline,T2,M30,2022-07,Si,2020-01-01,true,false,AVAILABLE,3,-0.319407858195,false,true,false
v2,quarterly,baseline,T2,M30,2022-07,CNY,2022-04-21,true,false,AVAILABLE,2,1.46009638242,true,false,false
v2,quarterly,baseline,T2,M30,2022-07,GD,2020-01-01,true,false,AVAILABLE,2,0.27912419232,true,false,false
v2,quarterly,baseline,T2,M30,2022-07,BR,2020-01-01,true,false,AVAILABLE,2,-0.019899318323,false,true,false
v2,quarterly,baseline,T2,M30,2022-07,MIX,2020-01-01,true,false,AVAILABLE,5,-2.64318096853,false,true,false
v2,quarterly,baseline,T2,M30,2022-07,NG,2020-02-03,true,false,AVAILABLE,4,6.67443891556,true,false,false
v2,quarterly,baseline,T2,M30,2022-08,Si,2020-01-01,true,false,AVAILABLE,3,1.88262760635,true,false,false
v2,quarterly,baseline,T2,M30,2022-08,CNY,2022-04-21,true,false,AVAILABLE,1,-0.441395097601,false,true,false
v2,quarterly,baseline,T2,M30,2022-08,GD,2020-01-01,true,false,AVAILABLE,7,2.90348118234,true,false,false
v2,quarterly,baseline,T2,M30,2022-08,BR,2020-01-01,true,false,AVAILABLE,3,-0.669911283118,false,true,false
v2,quarterly,baseline,T2,M30,2022-08,MIX,2020-01-01,true,false,AVAILABLE,7,-3.16599622742,false,true,false
v2,quarterly,baseline,T2,M30,2022-08,NG,2020-02-03,true,false,AVAILABLE,8,-2.34555920911,false,true,false
v2,quarterly,baseline,T2,M30,2022-09,Si,2020-01-01,true,false,AVAILABLE,4,7.27363764868,true,false,false
v2,quarterly,baseline,T2,M30,2022-09,CNY,2022-04-21,true,false,AVAILABLE,3,1.02343886129,true,false,false
v2,quarterly,baseline,T2,M30,2022-09,GD,2020-01-01,true,false,AVAILABLE,4,-0.575426896683,false,true,false
v2,quarterly,baseline,T2,M30,2022-09,BR,2020-01-01,true,false,AVAILABLE,6,-2.26137151866,false,true,false
v2,quarterly,baseline,T2,M30,2022-09,MIX,2020-01-01,true,false,AVAILABLE,4,-0.98892050465,false,true,false
v2,quarterly,baseline,T2,M30,2022-09,NG,2020-02-03,true,false,AVAILABLE,7,13.7875434833,true,false,false
v2,quarterly,baseline,T2,M30,2022-10,Si,2020-01-01,true,false,AVAILABLE,3,0.011027444894,true,false,false
v2,quarterly,baseline,T2,M30,2022-10,CNY,2022-04-21,true,false,AVAILABLE,3,-1.87099575636,false,true,false
v2,quarterly,baseline,T2,M30,2022-10,GD,2020-01-01,true,false,AVAILABLE,3,-2.19228844194,false,true,false
v2,quarterly,baseline,T2,M30,2022-10,BR,2020-01-01,true,false,AVAILABLE,6,-0.527232758142,false,true,false
v2,quarterly,baseline,T2,M30,2022-10,MIX,2020-01-01,true,false,AVAILABLE,7,3.46791849809,true,false,false
v2,quarterly,baseline,T2,M30,2022-10,NG,2020-02-03,true,false,AVAILABLE,3,-1.82937456894,false,true,false
v2,quarterly,baseline,T2,M30,2022-11,Si,2020-01-01,true,false,AVAILABLE,6,-5.56462501064,false,true,false
v2,quarterly,baseline,T2,M30,2022-11,CNY,2022-04-21,true,false,AVAILABLE,5,-1.10035801166,false,true,false
v2,quarterly,baseline,T2,M30,2022-11,GD,2020-01-01,true,false,AVAILABLE,4,-2.47775716447,false,true,false
v2,quarterly,baseline,T2,M30,2022-11,BR,2020-01-01,true,false,AVAILABLE,5,5.18278489323,true,false,false
v2,quarterly,baseline,T2,M30,2022-11,MIX,2020-01-01,true,false,AVAILABLE,3,-1.6768606714,false,true,false
v2,quarterly,baseline,T2,M30,2022-11,NG,2020-02-03,true,false,AVAILABLE,4,-4.01638659127,false,true,false
v2,quarterly,baseline,T2,M30,2022-12,Si,2020-01-01,true,false,NO_TRADES,0,0,false,false,true
v2,quarterly,baseline,T2,M30,2022-12,CNY,2022-04-21,true,false,AVAILABLE,2,3.99226307441,true,false,false
v2,quarterly,baseline,T2,M30,2022-12,GD,2020-01-01,true,false,AVAILABLE,4,-0.182017939343,false,true,false
v2,quarterly,baseline,T2,M30,2022-12,BR,2020-01-01,true,false,AVAILABLE,2,0.550499020448,true,false,false
v2,quarterly,baseline,T2,M30,2022-12,MIX,2020-01-01,true,false,AVAILABLE,4,0.749854805588,true,false,false
v2,quarterly,baseline,T2,M30,2022-12,NG,2020-02-03,true,false,AVAILABLE,5,6.24408320675,true,false,false
v2,quarterly,baseline,T2,M30,2023-01,Si,2020-01-01,true,false,AVAILABLE,4,3.68598796189,true,false,false
v2,quarterly,baseline,T2,M30,2023-01,CNY,2022-04-21,true,false,AVAILABLE,8,-3.49939303467,false,true,false
v2,quarterly,baseline,T2,M30,2023-01,GD,2020-01-01,true,false,AVAILABLE,5,-0.665004705701,false,true,false
v2,quarterly,baseline,T2,M30,2023-01,BR,2020-01-01,true,false,AVAILABLE,5,0.095668031881,true,false,false
v2,quarterly,baseline,T2,M30,2023-01,MIX,2020-01-01,true,false,AVAILABLE,7,-2.51575008806,false,true,false
v2,quarterly,baseline,T2,M30,2023-01,NG,2020-02-03,true,false,AVAILABLE,8,13.631209782,true,false,false
v2,quarterly,baseline,T2,M30,2023-02,Si,2020-01-01,true,false,AVAILABLE,2,-1.5008797072,false,true,false
v2,quarterly,baseline,T2,M30,2023-02,CNY,2022-04-21,true,false,AVAILABLE,3,7.29204911009,true,false,false
v2,quarterly,baseline,T2,M30,2023-02,GD,2020-01-01,true,false,AVAILABLE,1,-0.640856106698,false,true,false
v2,quarterly,baseline,T2,M30,2023-02,BR,2020-01-01,true,false,AVAILABLE,6,-3.61093188565,false,true,false
v2,quarterly,baseline,T2,M30,2023-02,MIX,2020-01-01,true,false,AVAILABLE,3,2.33744344429,true,false,false
v2,quarterly,baseline,T2,M30,2023-02,NG,2020-02-03,true,false,AVAILABLE,3,4.70111846876,true,false,false
v2,quarterly,baseline,T2,M30,2023-03,Si,2020-01-01,true,false,AVAILABLE,4,-1.69491378427,false,true,false
v2,quarterly,baseline,T2,M30,2023-03,CNY,2022-04-21,true,false,AVAILABLE,9,0.658883546526,true,false,false
v2,quarterly,baseline,T2,M30,2023-03,GD,2020-01-01,true,false,AVAILABLE,3,-1.10434291613,false,true,false
v2,quarterly,baseline,T2,M30,2023-03,BR,2020-01-01,true,false,AVAILABLE,6,9.17341796093,true,false,false
v2,quarterly,baseline,T2,M30,2023-03,MIX,2020-01-01,true,false,AVAILABLE,8,-2.77754877033,false,true,false
v2,quarterly,baseline,T2,M30,2023-03,NG,2020-02-03,true,false,AVAILABLE,5,5.53017732624,true,false,false
v2,quarterly,baseline,T2,M30,2023-04,Si,2020-01-01,true,false,AVAILABLE,2,14.4109347537,true,false,false
v2,quarterly,baseline,T2,M30,2023-04,CNY,2022-04-21,true,false,AVAILABLE,2,4.77677735091,true,false,false
v2,quarterly,baseline,T2,M30,2023-04,GD,2020-01-01,true,false,AVAILABLE,1,1.26938632371,true,false,false
v2,quarterly,baseline,T2,M30,2023-04,BR,2020-01-01,true,false,AVAILABLE,5,1.62198026633,true,false,false
v2,quarterly,baseline,T2,M30,2023-04,MIX,2020-01-01,true,false,AVAILABLE,5,0.686449239773,true,false,false
v2,quarterly,baseline,T2,M30,2023-04,NG,2020-02-03,true,false,AVAILABLE,5,0.597593527703,true,false,false
v2,quarterly,baseline,T2,M30,2023-05,Si,2020-01-01,true,false,AVAILABLE,5,-2.96598829367,false,true,false
v2,quarterly,baseline,T2,M30,2023-05,CNY,2022-04-21,true,false,AVAILABLE,5,-0.739206775071,false,true,false
v2,quarterly,baseline,T2,M30,2023-05,GD,2020-01-01,true,false,AVAILABLE,3,4.5199659177,true,false,false
v2,quarterly,baseline,T2,M30,2023-05,BR,2020-01-01,true,false,AVAILABLE,2,-1.64382870045,false,true,false
v2,quarterly,baseline,T2,M30,2023-05,MIX,2020-01-01,true,false,AVAILABLE,6,1.18536837511,true,false,false
v2,quarterly,baseline,T2,M30,2023-05,NG,2020-02-03,true,false,AVAILABLE,6,-0.129387592113,false,true,false
v2,quarterly,baseline,T2,M30,2023-06,Si,2020-01-01,true,false,AVAILABLE,4,5.79766059365,true,false,false
v2,quarterly,baseline,T2,M30,2023-06,CNY,2022-04-21,true,false,AVAILABLE,3,3.16341326694,true,false,false
v2,quarterly,baseline,T2,M30,2023-06,GD,2020-01-01,true,false,AVAILABLE,4,-1.01304257756,false,true,false
v2,quarterly,baseline,T2,M30,2023-06,BR,2020-01-01,true,false,AVAILABLE,3,1.66583303542,true,false,false
v2,quarterly,baseline,T2,M30,2023-06,MIX,2020-01-01,true,false,AVAILABLE,2,-0.705439123361,false,true,false
v2,quarterly,baseline,T2,M30,2023-06,NG,2020-02-03,true,false,AVAILABLE,4,-0.642693626001,false,true,false
v2,quarterly,baseline,T2,M30,2023-07,Si,2020-01-01,true,false,AVAILABLE,7,1.75216567423,true,false,false
v2,quarterly,baseline,T2,M30,2023-07,CNY,2022-04-21,true,false,AVAILABLE,3,4.66955808961,true,false,false
v2,quarterly,baseline,T2,M30,2023-07,GD,2020-01-01,true,false,AVAILABLE,3,-3.00150598039,false,true,false
v2,quarterly,baseline,T2,M30,2023-07,BR,2020-01-01,true,false,AVAILABLE,8,-1.63236620642,false,true,false
v2,quarterly,baseline,T2,M30,2023-07,MIX,2020-01-01,true,false,AVAILABLE,7,1.24952608848,true,false,false
v2,quarterly,baseline,T2,M30,2023-07,NG,2020-02-03,true,false,AVAILABLE,5,-2.60064624285,false,true,false
v2,quarterly,baseline,T2,M30,2023-08,Si,2020-01-01,true,false,AVAILABLE,6,1.59211222129,true,false,false
v2,quarterly,baseline,T2,M30,2023-08,CNY,2022-04-21,true,false,AVAILABLE,6,1.17735179945,true,false,false
v2,quarterly,baseline,T2,M30,2023-08,GD,2020-01-01,true,false,AVAILABLE,7,0.998445785747,true,false,false
v2,quarterly,baseline,T2,M30,2023-08,BR,2020-01-01,true,false,AVAILABLE,4,-0.249358635338,false,true,false
v2,quarterly,baseline,T2,M30,2023-08,MIX,2020-01-01,true,false,AVAILABLE,6,-0.067770849937,false,true,false
v2,quarterly,baseline,T2,M30,2023-08,NG,2020-02-03,true,false,AVAILABLE,2,2.30302703785,true,false,false
v2,quarterly,baseline,T2,M30,2023-09,Si,2020-01-01,true,false,AVAILABLE,3,1.63449081821,true,false,false
v2,quarterly,baseline,T2,M30,2023-09,CNY,2022-04-21,true,false,AVAILABLE,8,-1.78523691726,false,true,false
v2,quarterly,baseline,T2,M30,2023-09,GD,2020-01-01,true,false,AVAILABLE,5,-1.77371398247,false,true,false
v2,quarterly,baseline,T2,M30,2023-09,BR,2020-01-01,true,false,AVAILABLE,5,-0.722195652791,false,true,false
v2,quarterly,baseline,T2,M30,2023-09,MIX,2020-01-01,true,false,AVAILABLE,2,-0.116590355587,false,true,false
v2,quarterly,baseline,T2,M30,2023-09,NG,2020-02-03,true,false,AVAILABLE,6,-2.15164148504,false,true,false
v2,quarterly,baseline,T2,M30,2023-10,Si,2020-01-01,true,false,AVAILABLE,6,4.61733495517,true,false,false
v2,quarterly,baseline,T2,M30,2023-10,CNY,2022-04-21,true,false,AVAILABLE,5,2.38706011639,true,false,false
v2,quarterly,baseline,T2,M30,2023-10,GD,2020-01-01,true,false,AVAILABLE,4,1.86569960139,true,false,false
v2,quarterly,baseline,T2,M30,2023-10,BR,2020-01-01,true,false,AVAILABLE,3,0.857407322604,true,false,false
v2,quarterly,baseline,T2,M30,2023-10,MIX,2020-01-01,true,false,AVAILABLE,4,-1.97300699181,false,true,false
v2,quarterly,baseline,T2,M30,2023-10,NG,2020-02-03,true,false,AVAILABLE,6,3.69995548462,true,false,false
v2,quarterly,baseline,T2,M30,2023-11,Si,2020-01-01,true,false,AVAILABLE,3,-2.36410822625,false,true,false
v2,quarterly,baseline,T2,M30,2023-11,CNY,2022-04-21,true,false,AVAILABLE,3,2.26852826053,true,false,false
v2,quarterly,baseline,T2,M30,2023-11,GD,2020-01-01,true,false,AVAILABLE,5,-0.307426107045,false,true,false
v2,quarterly,baseline,T2,M30,2023-11,BR,2020-01-01,true,false,AVAILABLE,4,5.82505561205,true,false,false
v2,quarterly,baseline,T2,M30,2023-11,MIX,2020-01-01,true,false,AVAILABLE,5,-4.02908051787,false,true,false
v2,quarterly,baseline,T2,M30,2023-11,NG,2020-02-03,true,false,AVAILABLE,9,4.73172657053,true,false,false
v2,quarterly,baseline,T2,M30,2023-12,Si,2020-01-01,true,false,AVAILABLE,5,7.80972262156,true,false,false
v2,quarterly,baseline,T2,M30,2023-12,CNY,2022-04-21,true,false,AVAILABLE,5,-3.45134377156,false,true,false
v2,quarterly,baseline,T2,M30,2023-12,GD,2020-01-01,true,false,AVAILABLE,2,4.34551644653,true,false,false
v2,quarterly,baseline,T2,M30,2023-12,BR,2020-01-01,true,false,AVAILABLE,6,-4.41550007203,false,true,false
v2,quarterly,baseline,T2,M30,2023-12,MIX,2020-01-01,true,false,AVAILABLE,5,0.087258622375,true,false,false
v2,quarterly,baseline,T2,M30,2023-12,NG,2020-02-03,true,false,AVAILABLE,5,-0.645382914203,false,true,false
v2,quarterly,baseline,T2,M30,2024-01,Si,2020-01-01,true,false,AVAILABLE,7,-1.96140840752,false,true,false
v2,quarterly,baseline,T2,M30,2024-01,CNY,2022-04-21,true,false,AVAILABLE,4,-2.41799508072,false,true,false
v2,quarterly,baseline,T2,M30,2024-01,GD,2020-01-01,true,false,AVAILABLE,4,-1.21713563795,false,true,false
v2,quarterly,baseline,T2,M30,2024-01,BR,2020-01-01,true,false,AVAILABLE,4,4.9494836763,true,false,false
v2,quarterly,baseline,T2,M30,2024-01,MIX,2020-01-01,true,false,AVAILABLE,6,-3.26928375434,false,true,false
v2,quarterly,baseline,T2,M30,2024-01,NG,2020-02-03,true,false,AVAILABLE,4,-1.08645751019,false,true,false
v2,quarterly,baseline,T2,M30,2024-02,Si,2020-01-01,true,false,AVAILABLE,4,0.953846005192,true,false,false
v2,quarterly,baseline,T2,M30,2024-02,CNY,2022-04-21,true,false,AVAILABLE,5,-3.23154796269,false,true,false
v2,quarterly,baseline,T2,M30,2024-02,GD,2020-01-01,true,false,AVAILABLE,4,-2.01977506259,false,true,false
v2,quarterly,baseline,T2,M30,2024-02,BR,2020-01-01,true,false,AVAILABLE,4,-1.30346605298,false,true,false
v2,quarterly,baseline,T2,M30,2024-02,MIX,2020-01-01,true,false,AVAILABLE,4,-0.211658583872,false,true,false
v2,quarterly,baseline,T2,M30,2024-02,NG,2020-02-03,true,false,AVAILABLE,5,6.24173220193,true,false,false
v2,quarterly,baseline,T2,M30,2024-03,Si,2020-01-01,true,false,AVAILABLE,8,-2.42989466739,false,true,false
v2,quarterly,baseline,T2,M30,2024-03,CNY,2022-04-21,true,false,AVAILABLE,1,-1.03621195244,false,true,false
v2,quarterly,baseline,T2,M30,2024-03,GD,2020-01-01,true,false,AVAILABLE,6,3.25584082074,true,false,false
v2,quarterly,baseline,T2,M30,2024-03,BR,2020-01-01,true,false,AVAILABLE,1,1.31666364847,true,false,false
v2,quarterly,baseline,T2,M30,2024-03,MIX,2020-01-01,true,false,AVAILABLE,5,-1.53844690564,false,true,false
v2,quarterly,baseline,T2,M30,2024-03,NG,2020-02-03,true,false,AVAILABLE,2,5.3849811819,true,false,false
v2,quarterly,baseline,T2,M30,2024-04,Si,2020-01-01,true,false,AVAILABLE,6,0.86070166902,true,false,false
v2,quarterly,baseline,T2,M30,2024-04,CNY,2022-04-21,true,false,AVAILABLE,6,-1.68509471772,false,true,false
v2,quarterly,baseline,T2,M30,2024-04,GD,2020-01-01,true,false,AVAILABLE,7,-1.78747126842,false,true,false
v2,quarterly,baseline,T2,M30,2024-04,BR,2020-01-01,true,false,AVAILABLE,5,-3.09781335926,false,true,false
v2,quarterly,baseline,T2,M30,2024-04,MIX,2020-01-01,true,false,AVAILABLE,5,0.370588191997,true,false,false
v2,quarterly,baseline,T2,M30,2024-04,NG,2020-02-03,true,false,AVAILABLE,3,-2.38991581767,false,true,false
v2,quarterly,baseline,T2,M30,2024-05,Si,2020-01-01,true,false,AVAILABLE,9,0.270762253945,true,false,false
v2,quarterly,baseline,T2,M30,2024-05,CNY,2022-04-21,true,false,AVAILABLE,8,-2.44468308018,false,true,false
v2,quarterly,baseline,T2,M30,2024-05,GD,2020-01-01,true,false,AVAILABLE,3,0.159378308028,true,false,false
v2,quarterly,baseline,T2,M30,2024-05,BR,2020-01-01,true,false,AVAILABLE,3,5.34452581698,true,false,false
v2,quarterly,baseline,T2,M30,2024-05,MIX,2020-01-01,true,false,AVAILABLE,6,1.98281089055,true,false,false
v2,quarterly,baseline,T2,M30,2024-05,NG,2020-02-03,true,false,AVAILABLE,6,4.12256898608,true,false,false
v2,quarterly,baseline,T2,M30,2024-06,Si,2020-01-01,true,false,AVAILABLE,5,6.46014406116,true,false,false
v2,quarterly,baseline,T2,M30,2024-06,CNY,2022-04-21,true,false,AVAILABLE,5,-2.68335074747,false,true,false
v2,quarterly,baseline,T2,M30,2024-06,GD,2020-01-01,true,false,AVAILABLE,3,0.227842382277,true,false,false
v2,quarterly,baseline,T2,M30,2024-06,BR,2020-01-01,true,false,AVAILABLE,4,-3.09343652238,false,true,false
v2,quarterly,baseline,T2,M30,2024-06,MIX,2020-01-01,true,false,AVAILABLE,7,-0.822549213445,false,true,false
v2,quarterly,baseline,T2,M30,2024-06,NG,2020-02-03,true,false,AVAILABLE,4,2.54695599963,true,false,false
v2,quarterly,baseline,T2,M30,2024-07,Si,2020-01-01,true,false,AVAILABLE,7,-4.04337808453,false,true,false
v2,quarterly,baseline,T2,M30,2024-07,CNY,2022-04-21,true,false,AVAILABLE,2,-1.89382581053,false,true,false
v2,quarterly,baseline,T2,M30,2024-07,GD,2020-01-01,true,false,AVAILABLE,4,0.677861929554,true,false,false
v2,quarterly,baseline,T2,M30,2024-07,BR,2020-01-01,true,false,AVAILABLE,6,2.48719552247,true,false,false
v2,quarterly,baseline,T2,M30,2024-07,MIX,2020-01-01,true,false,AVAILABLE,10,0.689083865293,true,false,false
v2,quarterly,baseline,T2,M30,2024-07,NG,2020-02-03,true,false,AVAILABLE,4,2.28560964199,true,false,false
v2,quarterly,baseline,T2,M30,2024-08,Si,2020-01-01,true,false,AVAILABLE,1,1.2051855165,true,false,false
v2,quarterly,baseline,T2,M30,2024-08,CNY,2022-04-21,true,false,AVAILABLE,1,3.56913868403,true,false,false
v2,quarterly,baseline,T2,M30,2024-08,GD,2020-01-01,true,false,AVAILABLE,4,0.164380010496,true,false,false
v2,quarterly,baseline,T2,M30,2024-08,BR,2020-01-01,true,false,AVAILABLE,2,8.11541419771,true,false,false
v2,quarterly,baseline,T2,M30,2024-08,MIX,2020-01-01,true,false,AVAILABLE,6,4.77326479422,true,false,false
v2,quarterly,baseline,T2,M30,2024-08,NG,2020-02-03,true,false,AVAILABLE,5,-0.513001039337,false,true,false
v2,quarterly,baseline,T2,M30,2024-09,Si,2020-01-01,true,false,AVAILABLE,4,-0.773920233985,false,true,false
v2,quarterly,baseline,T2,M30,2024-09,CNY,2022-04-21,true,false,AVAILABLE,7,7.60083137821,true,false,false
v2,quarterly,baseline,T2,M30,2024-09,GD,2020-01-01,true,false,AVAILABLE,2,-0.87760521173,false,true,false
v2,quarterly,baseline,T2,M30,2024-09,BR,2020-01-01,true,false,AVAILABLE,5,-4.09482040682,false,true,false
v2,quarterly,baseline,T2,M30,2024-09,MIX,2020-01-01,true,false,AVAILABLE,5,-0.331610408899,false,true,false
v2,quarterly,baseline,T2,M30,2024-09,NG,2020-02-03,true,false,AVAILABLE,3,-3.56419382411,false,true,false
v2,quarterly,baseline,T2,M30,2024-10,Si,2020-01-01,true,false,AVAILABLE,10,6.6236639052,true,false,false
v2,quarterly,baseline,T2,M30,2024-10,CNY,2022-04-21,true,false,AVAILABLE,6,-1.57080424395,false,true,false
v2,quarterly,baseline,T2,M30,2024-10,GD,2020-01-01,true,false,AVAILABLE,4,-1.38475863064,false,true,false
v2,quarterly,baseline,T2,M30,2024-10,BR,2020-01-01,true,false,AVAILABLE,1,-0.858807796964,false,true,false
v2,quarterly,baseline,T2,M30,2024-10,MIX,2020-01-01,true,false,AVAILABLE,4,0.746241623591,true,false,false
v2,quarterly,baseline,T2,M30,2024-10,NG,2020-02-03,true,false,AVAILABLE,4,-3.37959081343,false,true,false
v2,quarterly,baseline,T2,M30,2024-11,Si,2020-01-01,true,false,AVAILABLE,7,1.29008815541,true,false,false
v2,quarterly,baseline,T2,M30,2024-11,CNY,2022-04-21,true,false,AVAILABLE,5,-4.00289460369,false,true,false
v2,quarterly,baseline,T2,M30,2024-11,GD,2020-01-01,true,false,AVAILABLE,4,-3.1205040195,false,true,false
v2,quarterly,baseline,T2,M30,2024-11,BR,2020-01-01,true,false,AVAILABLE,4,-4.11765656475,false,true,false
v2,quarterly,baseline,T2,M30,2024-11,MIX,2020-01-01,true,false,AVAILABLE,6,4.23967558678,true,false,false
v2,quarterly,baseline,T2,M30,2024-11,NG,2020-02-03,true,false,AVAILABLE,3,-0.260027491,false,true,false
v2,quarterly,baseline,T2,M30,2024-12,Si,2020-01-01,true,false,AVAILABLE,5,-2.82034739938,false,true,false
v2,quarterly,baseline,T2,M30,2024-12,CNY,2022-04-21,true,false,AVAILABLE,8,2.34705833164,true,false,false
v2,quarterly,baseline,T2,M30,2024-12,GD,2020-01-01,true,false,AVAILABLE,2,0.993212008109,true,false,false
v2,quarterly,baseline,T2,M30,2024-12,BR,2020-01-01,true,false,AVAILABLE,6,-2.62005332691,false,true,false
v2,quarterly,baseline,T2,M30,2024-12,MIX,2020-01-01,true,false,AVAILABLE,9,-3.846313362,false,true,false
v2,quarterly,baseline,T2,M30,2024-12,NG,2020-02-03,true,false,AVAILABLE,11,-2.43581330714,false,true,false
v2,quarterly,baseline,T2,H1,2020-01,Si,2020-01-01,true,false,NO_TRADES,0,0,false,false,true
v2,quarterly,baseline,T2,H1,2020-01,CNY,2022-04-21,false,false,NOT_YET_AVAILABLE,0,0,false,false,false
v2,quarterly,baseline,T2,H1,2020-01,GD,2020-01-01,true,false,AVAILABLE,1,-0.891080966881,false,true,false
v2,quarterly,baseline,T2,H1,2020-01,BR,2020-01-01,true,false,NO_TRADES,0,0,false,false,true
v2,quarterly,baseline,T2,H1,2020-01,MIX,2020-01-01,true,false,NO_TRADES,0,0,false,false,true
v2,quarterly,baseline,T2,H1,2020-01,NG,2020-02-03,false,false,NOT_YET_AVAILABLE,0,0,false,false,false
v2,quarterly,baseline,T2,H1,2020-02,Si,2020-01-01,true,false,AVAILABLE,2,0.811448799729,true,false,false
v2,quarterly,baseline,T2,H1,2020-02,CNY,2022-04-21,false,false,NOT_YET_AVAILABLE,0,0,false,false,false
v2,quarterly,baseline,T2,H1,2020-02,GD,2020-01-01,true,false,AVAILABLE,3,2.32325879686,true,false,false
v2,quarterly,baseline,T2,H1,2020-02,BR,2020-01-01,true,false,AVAILABLE,3,2.46795052953,true,false,false
v2,quarterly,baseline,T2,H1,2020-02,MIX,2020-01-01,true,false,AVAILABLE,3,-0.528743503741,false,true,false
v2,quarterly,baseline,T2,H1,2020-02,NG,2020-02-03,true,true,NO_TRADES,0,0,false,false,true
v2,quarterly,baseline,T2,H1,2020-03,Si,2020-01-01,true,false,AVAILABLE,4,1.74730040855,true,false,false
v2,quarterly,baseline,T2,H1,2020-03,CNY,2022-04-21,false,false,NOT_YET_AVAILABLE,0,0,false,false,false
v2,quarterly,baseline,T2,H1,2020-03,GD,2020-01-01,true,false,AVAILABLE,2,-1.75912492799,false,true,false
v2,quarterly,baseline,T2,H1,2020-03,BR,2020-01-01,true,false,AVAILABLE,6,-3.04761934225,false,true,false
v2,quarterly,baseline,T2,H1,2020-03,MIX,2020-01-01,true,false,AVAILABLE,3,-1.68560701125,false,true,false
v2,quarterly,baseline,T2,H1,2020-03,NG,2020-02-03,true,false,AVAILABLE,2,-1.61047708687,false,true,false
v2,quarterly,baseline,T2,H1,2020-04,Si,2020-01-01,true,false,AVAILABLE,3,0.124742423306,true,false,false
v2,quarterly,baseline,T2,H1,2020-04,CNY,2022-04-21,false,false,NOT_YET_AVAILABLE,0,0,false,false,false
v2,quarterly,baseline,T2,H1,2020-04,GD,2020-01-01,true,false,AVAILABLE,2,2.63621993485,true,false,false
v2,quarterly,baseline,T2,H1,2020-04,BR,2020-01-01,true,false,AVAILABLE,4,4.15809445355,true,false,false
v2,quarterly,baseline,T2,H1,2020-04,MIX,2020-01-01,true,false,AVAILABLE,3,-2.95217427638,false,true,false
v2,quarterly,baseline,T2,H1,2020-04,NG,2020-02-03,true,false,AVAILABLE,3,0.665943676962,true,false,false
v2,quarterly,baseline,T2,H1,2020-05,Si,2020-01-01,true,false,NO_TRADES,0,0,false,false,true
v2,quarterly,baseline,T2,H1,2020-05,CNY,2022-04-21,false,false,NOT_YET_AVAILABLE,0,0,false,false,false
v2,quarterly,baseline,T2,H1,2020-05,GD,2020-01-01,true,false,NO_TRADES,0,0,false,false,true
v2,quarterly,baseline,T2,H1,2020-05,BR,2020-01-01,true,false,AVAILABLE,2,0.988258001463,true,false,false
v2,quarterly,baseline,T2,H1,2020-05,MIX,2020-01-01,true,false,AVAILABLE,2,-0.678142398924,false,true,false
v2,quarterly,baseline,T2,H1,2020-05,NG,2020-02-03,true,false,AVAILABLE,2,-1.62477493597,false,true,false
v2,quarterly,baseline,T2,H1,2020-06,Si,2020-01-01,true,false,AVAILABLE,1,-1.00000445,false,true,false
v2,quarterly,baseline,T2,H1,2020-06,CNY,2022-04-21,false,false,NOT_YET_AVAILABLE,0,0,false,false,false
v2,quarterly,baseline,T2,H1,2020-06,GD,2020-01-01,true,false,AVAILABLE,2,-0.65171756119,false,true,false
v2,quarterly,baseline,T2,H1,2020-06,BR,2020-01-01,true,false,AVAILABLE,3,4.03413919393,true,false,false
v2,quarterly,baseline,T2,H1,2020-06,MIX,2020-01-01,true,false,AVAILABLE,3,-2.31770683846,false,true,false
v2,quarterly,baseline,T2,H1,2020-06,NG,2020-02-03,true,false,AVAILABLE,2,-1.70470133366,false,true,false
v2,quarterly,baseline,T2,H1,2020-07,Si,2020-01-01,true,false,AVAILABLE,2,0.213155123972,true,false,false
v2,quarterly,baseline,T2,H1,2020-07,CNY,2022-04-21,false,false,NOT_YET_AVAILABLE,0,0,false,false,false
v2,quarterly,baseline,T2,H1,2020-07,GD,2020-01-01,true,false,AVAILABLE,3,-2.09087471102,false,true,false
v2,quarterly,baseline,T2,H1,2020-07,BR,2020-01-01,true,false,AVAILABLE,2,-0.831953726144,false,true,false
v2,quarterly,baseline,T2,H1,2020-07,MIX,2020-01-01,true,false,AVAILABLE,3,1.15136056719,true,false,false
v2,quarterly,baseline,T2,H1,2020-07,NG,2020-02-03,true,false,AVAILABLE,1,1.32858127178,true,false,false
v2,quarterly,baseline,T2,H1,2020-08,Si,2020-01-01,true,false,AVAILABLE,3,1.75872072607,true,false,false
v2,quarterly,baseline,T2,H1,2020-08,CNY,2022-04-21,false,false,NOT_YET_AVAILABLE,0,0,false,false,false
v2,quarterly,baseline,T2,H1,2020-08,GD,2020-01-01,true,false,AVAILABLE,2,-1.84234749772,false,true,false
v2,quarterly,baseline,T2,H1,2020-08,BR,2020-01-01,true,false,NO_TRADES,0,0,false,false,true
v2,quarterly,baseline,T2,H1,2020-08,MIX,2020-01-01,true,false,AVAILABLE,4,-0.74823113441,false,true,false
v2,quarterly,baseline,T2,H1,2020-08,NG,2020-02-03,true,false,AVAILABLE,1,1.44467483045,true,false,false
v2,quarterly,baseline,T2,H1,2020-09,Si,2020-01-01,true,false,AVAILABLE,4,2.42861810147,true,false,false
v2,quarterly,baseline,T2,H1,2020-09,CNY,2022-04-21,false,false,NOT_YET_AVAILABLE,0,0,false,false,false
v2,quarterly,baseline,T2,H1,2020-09,GD,2020-01-01,true,false,AVAILABLE,2,0.25427387421,true,false,false
v2,quarterly,baseline,T2,H1,2020-09,BR,2020-01-01,true,false,AVAILABLE,2,3.41227504483,true,false,false
v2,quarterly,baseline,T2,H1,2020-09,MIX,2020-01-01,true,false,AVAILABLE,6,-4.16312822426,false,true,false
v2,quarterly,baseline,T2,H1,2020-09,NG,2020-02-03,true,false,NO_TRADES,0,0,false,false,true
v2,quarterly,baseline,T2,H1,2020-10,Si,2020-01-01,true,false,AVAILABLE,1,0.735578598053,true,false,false
v2,quarterly,baseline,T2,H1,2020-10,CNY,2022-04-21,false,false,NOT_YET_AVAILABLE,0,0,false,false,false
v2,quarterly,baseline,T2,H1,2020-10,GD,2020-01-01,true,false,AVAILABLE,1,-1.00013711804,false,true,false
v2,quarterly,baseline,T2,H1,2020-10,BR,2020-01-01,true,false,AVAILABLE,1,-0.334452061782,false,true,false
v2,quarterly,baseline,T2,H1,2020-10,MIX,2020-01-01,true,false,AVAILABLE,4,0.15049453363,true,false,false
v2,quarterly,baseline,T2,H1,2020-10,NG,2020-02-03,true,false,AVAILABLE,3,-1.93806090461,false,true,false
v2,quarterly,baseline,T2,H1,2020-11,Si,2020-01-01,true,false,AVAILABLE,2,3.17608128367,true,false,false
v2,quarterly,baseline,T2,H1,2020-11,CNY,2022-04-21,false,false,NOT_YET_AVAILABLE,0,0,false,false,false
v2,quarterly,baseline,T2,H1,2020-11,GD,2020-01-01,true,false,AVAILABLE,1,-1.00017078964,false,true,false
v2,quarterly,baseline,T2,H1,2020-11,BR,2020-01-01,true,false,AVAILABLE,1,-1.00486548673,false,true,false
v2,quarterly,baseline,T2,H1,2020-11,MIX,2020-01-01,true,false,AVAILABLE,2,-1.42015694022,false,true,false
v2,quarterly,baseline,T2,H1,2020-11,NG,2020-02-03,true,false,AVAILABLE,2,-0.207735894945,false,true,false
v2,quarterly,baseline,T2,H1,2020-12,Si,2020-01-01,true,false,AVAILABLE,3,2.27171161158,true,false,false
v2,quarterly,baseline,T2,H1,2020-12,CNY,2022-04-21,false,false,NOT_YET_AVAILABLE,0,0,false,false,false
v2,quarterly,baseline,T2,H1,2020-12,GD,2020-01-01,true,false,NO_TRADES,0,0,false,false,true
v2,quarterly,baseline,T2,H1,2020-12,BR,2020-01-01,true,false,NO_TRADES,0,0,false,false,true
v2,quarterly,baseline,T2,H1,2020-12,MIX,2020-01-01,true,false,AVAILABLE,3,-0.79335285695,false,true,false
v2,quarterly,baseline,T2,H1,2020-12,NG,2020-02-03,true,false,AVAILABLE,2,2.74704661186,true,false,false
v2,quarterly,baseline,T2,H1,2021-01,Si,2020-01-01,true,false,NO_TRADES,0,0,false,false,true
v2,quarterly,baseline,T2,H1,2021-01,CNY,2022-04-21,false,false,NOT_YET_AVAILABLE,0,0,false,false,false
v2,quarterly,baseline,T2,H1,2021-01,GD,2020-01-01,true,false,AVAILABLE,2,-0.183780000221,false,true,false
v2,quarterly,baseline,T2,H1,2021-01,BR,2020-01-01,true,false,AVAILABLE,1,0.931906887141,true,false,false
v2,quarterly,baseline,T2,H1,2021-01,MIX,2020-01-01,true,false,AVAILABLE,3,5.08000644094,true,false,false
v2,quarterly,baseline,T2,H1,2021-01,NG,2020-02-03,true,false,AVAILABLE,2,-0.945119371851,false,true,false
v2,quarterly,baseline,T2,H1,2021-02,Si,2020-01-01,true,false,AVAILABLE,2,-0.304777173375,false,true,false
v2,quarterly,baseline,T2,H1,2021-02,CNY,2022-04-21,false,false,NOT_YET_AVAILABLE,0,0,false,false,false
v2,quarterly,baseline,T2,H1,2021-02,GD,2020-01-01,true,false,AVAILABLE,2,-0.053037994886,false,true,false
v2,quarterly,baseline,T2,H1,2021-02,BR,2020-01-01,true,false,AVAILABLE,4,5.30897674715,true,false,false
v2,quarterly,baseline,T2,H1,2021-02,MIX,2020-01-01,true,false,AVAILABLE,3,0.2190744973,true,false,false
v2,quarterly,baseline,T2,H1,2021-02,NG,2020-02-03,true,false,AVAILABLE,3,2.54717341308,true,false,false
v2,quarterly,baseline,T2,H1,2021-03,Si,2020-01-01,true,false,AVAILABLE,2,-1.22811164457,false,true,false
v2,quarterly,baseline,T2,H1,2021-03,CNY,2022-04-21,false,false,NOT_YET_AVAILABLE,0,0,false,false,false
v2,quarterly,baseline,T2,H1,2021-03,GD,2020-01-01,true,false,AVAILABLE,2,2.89480888511,true,false,false
v2,quarterly,baseline,T2,H1,2021-03,BR,2020-01-01,true,false,NO_TRADES,0,0,false,false,true
v2,quarterly,baseline,T2,H1,2021-03,MIX,2020-01-01,true,false,AVAILABLE,5,-2.12965482335,false,true,false
v2,quarterly,baseline,T2,H1,2021-03,NG,2020-02-03,true,false,AVAILABLE,4,-3.11354565932,false,true,false
v2,quarterly,baseline,T2,H1,2021-04,Si,2020-01-01,true,false,AVAILABLE,1,2.082399297,true,false,false
v2,quarterly,baseline,T2,H1,2021-04,CNY,2022-04-21,false,false,NOT_YET_AVAILABLE,0,0,false,false,false
v2,quarterly,baseline,T2,H1,2021-04,GD,2020-01-01,true,false,AVAILABLE,1,-0.388042060289,false,true,false
v2,quarterly,baseline,T2,H1,2021-04,BR,2020-01-01,true,false,AVAILABLE,1,-1.00817410307,false,true,false
v2,quarterly,baseline,T2,H1,2021-04,MIX,2020-01-01,true,false,AVAILABLE,3,1.60221495168,true,false,false
v2,quarterly,baseline,T2,H1,2021-04,NG,2020-02-03,true,false,AVAILABLE,3,-0.672632549079,false,true,false
v2,quarterly,baseline,T2,H1,2021-05,Si,2020-01-01,true,false,AVAILABLE,2,-1.01932348627,false,true,false
v2,quarterly,baseline,T2,H1,2021-05,CNY,2022-04-21,false,false,NOT_YET_AVAILABLE,0,0,false,false,false
v2,quarterly,baseline,T2,H1,2021-05,GD,2020-01-01,true,false,AVAILABLE,3,-2.18654414644,false,true,false
v2,quarterly,baseline,T2,H1,2021-05,BR,2020-01-01,true,false,AVAILABLE,5,-2.34271582539,false,true,false
v2,quarterly,baseline,T2,H1,2021-05,MIX,2020-01-01,true,false,AVAILABLE,2,0.225878461785,true,false,false
v2,quarterly,baseline,T2,H1,2021-05,NG,2020-02-03,true,false,NO_TRADES,0,0,false,false,true
v2,quarterly,baseline,T2,H1,2021-06,Si,2020-01-01,true,false,AVAILABLE,1,2.95344299983,true,false,false
v2,quarterly,baseline,T2,H1,2021-06,CNY,2022-04-21,false,false,NOT_YET_AVAILABLE,0,0,false,false,false
v2,quarterly,baseline,T2,H1,2021-06,GD,2020-01-01,true,false,AVAILABLE,2,-1.71732893651,false,true,false
v2,quarterly,baseline,T2,H1,2021-06,BR,2020-01-01,true,false,AVAILABLE,6,-1.08046705763,false,true,false
v2,quarterly,baseline,T2,H1,2021-06,MIX,2020-01-01,true,false,AVAILABLE,4,1.13986055921,true,false,false
v2,quarterly,baseline,T2,H1,2021-06,NG,2020-02-03,true,false,AVAILABLE,3,1.17071410967,true,false,false
v2,quarterly,baseline,T2,H1,2021-07,Si,2020-01-01,true,false,AVAILABLE,2,-0.344882456343,false,true,false
v2,quarterly,baseline,T2,H1,2021-07,CNY,2022-04-21,false,false,NOT_YET_AVAILABLE,0,0,false,false,false
v2,quarterly,baseline,T2,H1,2021-07,GD,2020-01-01,true,false,AVAILABLE,1,-0.907633805619,false,true,false
v2,quarterly,baseline,T2,H1,2021-07,BR,2020-01-01,true,false,AVAILABLE,2,3.96403772018,true,false,false
v2,quarterly,baseline,T2,H1,2021-07,MIX,2020-01-01,true,false,AVAILABLE,2,0.192001710418,true,false,false
v2,quarterly,baseline,T2,H1,2021-07,NG,2020-02-03,true,false,AVAILABLE,2,0.924815699231,true,false,false
v2,quarterly,baseline,T2,H1,2021-08,Si,2020-01-01,true,false,AVAILABLE,3,-1.82713825306,false,true,false
v2,quarterly,baseline,T2,H1,2021-08,CNY,2022-04-21,false,false,NOT_YET_AVAILABLE,0,0,false,false,false
v2,quarterly,baseline,T2,H1,2021-08,GD,2020-01-01,true,false,NO_TRADES,0,0,false,false,true
v2,quarterly,baseline,T2,H1,2021-08,BR,2020-01-01,true,false,AVAILABLE,6,-0.30058510825,false,true,false
v2,quarterly,baseline,T2,H1,2021-08,MIX,2020-01-01,true,false,AVAILABLE,3,-2.76257026478,false,true,false
v2,quarterly,baseline,T2,H1,2021-08,NG,2020-02-03,true,false,AVAILABLE,3,0.421363701516,true,false,false
v2,quarterly,baseline,T2,H1,2021-09,Si,2020-01-01,true,false,AVAILABLE,2,0.383378328438,true,false,false
v2,quarterly,baseline,T2,H1,2021-09,CNY,2022-04-21,false,false,NOT_YET_AVAILABLE,0,0,false,false,false
v2,quarterly,baseline,T2,H1,2021-09,GD,2020-01-01,true,false,AVAILABLE,3,-1.45721855509,false,true,false
v2,quarterly,baseline,T2,H1,2021-09,BR,2020-01-01,true,false,AVAILABLE,3,1.23841281036,true,false,false
v2,quarterly,baseline,T2,H1,2021-09,MIX,2020-01-01,true,false,AVAILABLE,3,2.31581086173,true,false,false
v2,quarterly,baseline,T2,H1,2021-09,NG,2020-02-03,true,false,AVAILABLE,3,6.70285903636,true,false,false
v2,quarterly,baseline,T2,H1,2021-10,Si,2020-01-01,true,false,NO_TRADES,0,0,false,false,true
v2,quarterly,baseline,T2,H1,2021-10,CNY,2022-04-21,false,false,NOT_YET_AVAILABLE,0,0,false,false,false
v2,quarterly,baseline,T2,H1,2021-10,GD,2020-01-01,true,false,AVAILABLE,2,-0.936786935058,false,true,false
v2,quarterly,baseline,T2,H1,2021-10,BR,2020-01-01,true,false,AVAILABLE,1,1.53860830574,true,false,false
v2,quarterly,baseline,T2,H1,2021-10,MIX,2020-01-01,true,false,AVAILABLE,1,1.54842504223,true,false,false
v2,quarterly,baseline,T2,H1,2021-10,NG,2020-02-03,true,false,AVAILABLE,2,-1.11686836379,false,true,false
v2,quarterly,baseline,T2,H1,2021-11,Si,2020-01-01,true,false,AVAILABLE,5,1.55352813819,true,false,false
v2,quarterly,baseline,T2,H1,2021-11,CNY,2022-04-21,false,false,NOT_YET_AVAILABLE,0,0,false,false,false
v2,quarterly,baseline,T2,H1,2021-11,GD,2020-01-01,true,false,AVAILABLE,1,-0.784183765515,false,true,false
v2,quarterly,baseline,T2,H1,2021-11,BR,2020-01-01,true,false,AVAILABLE,3,-1.46705837749,false,true,false
v2,quarterly,baseline,T2,H1,2021-11,MIX,2020-01-01,true,false,AVAILABLE,2,-2.00000098769,false,true,false
v2,quarterly,baseline,T2,H1,2021-11,NG,2020-02-03,true,false,AVAILABLE,1,-1.00320601111,false,true,false
v2,quarterly,baseline,T2,H1,2021-12,Si,2020-01-01,true,false,NO_TRADES,0,0,false,false,true
v2,quarterly,baseline,T2,H1,2021-12,CNY,2022-04-21,false,false,NOT_YET_AVAILABLE,0,0,false,false,false
v2,quarterly,baseline,T2,H1,2021-12,GD,2020-01-01,true,false,AVAILABLE,1,-0.0821730010835,false,true,false
v2,quarterly,baseline,T2,H1,2021-12,BR,2020-01-01,true,false,AVAILABLE,3,2.78084358388,true,false,false
v2,quarterly,baseline,T2,H1,2021-12,MIX,2020-01-01,true,false,AVAILABLE,2,-2.00000168161,false,true,false
v2,quarterly,baseline,T2,H1,2021-12,NG,2020-02-03,true,false,AVAILABLE,5,-2.2601886596,false,true,false
v2,quarterly,baseline,T2,H1,2022-01,Si,2020-01-01,true,false,AVAILABLE,5,7.23205717254,true,false,false
v2,quarterly,baseline,T2,H1,2022-01,CNY,2022-04-21,false,false,NOT_YET_AVAILABLE,0,0,false,false,false
v2,quarterly,baseline,T2,H1,2022-01,GD,2020-01-01,true,false,AVAILABLE,2,-1.21740172156,false,true,false
v2,quarterly,baseline,T2,H1,2022-01,BR,2020-01-01,true,false,AVAILABLE,4,5.75498964511,true,false,false
v2,quarterly,baseline,T2,H1,2022-01,MIX,2020-01-01,true,false,AVAILABLE,4,2.19301899515,true,false,false
v2,quarterly,baseline,T2,H1,2022-01,NG,2020-02-03,true,false,AVAILABLE,1,6.00294045711,true,false,false
v2,quarterly,baseline,T2,H1,2022-02,Si,2020-01-01,true,false,AVAILABLE,2,0.77744205967,true,false,false
v2,quarterly,baseline,T2,H1,2022-02,CNY,2022-04-21,false,false,NOT_YET_AVAILABLE,0,0,false,false,false
v2,quarterly,baseline,T2,H1,2022-02,GD,2020-01-01,true,false,AVAILABLE,1,-0.516974668641,false,true,false
v2,quarterly,baseline,T2,H1,2022-02,BR,2020-01-01,true,false,AVAILABLE,4,-3.1230368981,false,true,false
v2,quarterly,baseline,T2,H1,2022-02,MIX,2020-01-01,true,false,AVAILABLE,2,-1.41754271518,false,true,false
v2,quarterly,baseline,T2,H1,2022-02,NG,2020-02-03,true,false,AVAILABLE,3,-4.6018232258,false,true,false
v2,quarterly,baseline,T2,H1,2022-03,Si,2020-01-01,true,false,NO_TRADES,0,0,false,false,true
v2,quarterly,baseline,T2,H1,2022-03,CNY,2022-04-21,false,false,NOT_YET_AVAILABLE,0,0,false,false,false
v2,quarterly,baseline,T2,H1,2022-03,GD,2020-01-01,true,false,AVAILABLE,3,2.47218860376,true,false,false
v2,quarterly,baseline,T2,H1,2022-03,BR,2020-01-01,true,false,AVAILABLE,2,2.38571057603,true,false,false
v2,quarterly,baseline,T2,H1,2022-03,MIX,2020-01-01,true,false,NO_TRADES,0,0,false,false,true
v2,quarterly,baseline,T2,H1,2022-03,NG,2020-02-03,true,false,AVAILABLE,1,-1.00353867743,false,true,false
v2,quarterly,baseline,T2,H1,2022-04,Si,2020-01-01,true,false,NO_TRADES,0,0,false,false,true
v2,quarterly,baseline,T2,H1,2022-04,CNY,2022-04-21,true,true,NO_TRADES,0,0,false,false,true
v2,quarterly,baseline,T2,H1,2022-04,GD,2020-01-01,true,false,NO_TRADES,0,0,false,false,true
v2,quarterly,baseline,T2,H1,2022-04,BR,2020-01-01,true,false,NO_TRADES,0,0,false,false,true
v2,quarterly,baseline,T2,H1,2022-04,MIX,2020-01-01,true,false,AVAILABLE,2,-0.297623205758,false,true,false
v2,quarterly,baseline,T2,H1,2022-04,NG,2020-02-03,true,false,AVAILABLE,4,7.65578680738,true,false,false
v2,quarterly,baseline,T2,H1,2022-05,Si,2020-01-01,true,false,AVAILABLE,4,5.80407327956,true,false,false
v2,quarterly,baseline,T2,H1,2022-05,CNY,2022-04-21,true,false,AVAILABLE,1,-0.408693444746,false,true,false
v2,quarterly,baseline,T2,H1,2022-05,GD,2020-01-01,true,false,NO_TRADES,0,0,false,false,true
v2,quarterly,baseline,T2,H1,2022-05,BR,2020-01-01,true,false,AVAILABLE,1,-1.00163171905,false,true,false
v2,quarterly,baseline,T2,H1,2022-05,MIX,2020-01-01,true,false,NO_TRADES,0,0,false,false,true
v2,quarterly,baseline,T2,H1,2022-05,NG,2020-02-03,true,false,NO_TRADES,0,0,false,false,true
v2,quarterly,baseline,T2,H1,2022-06,Si,2020-01-01,true,false,AVAILABLE,1,1.0081266236,true,false,false
v2,quarterly,baseline,T2,H1,2022-06,CNY,2022-04-21,true,false,AVAILABLE,3,8.70307630586,true,false,false
v2,quarterly,baseline,T2,H1,2022-06,GD,2020-01-01,true,false,NO_TRADES,0,0,false,false,true
v2,quarterly,baseline,T2,H1,2022-06,BR,2020-01-01,true,false,AVAILABLE,1,1.66369280121,true,false,false
v2,quarterly,baseline,T2,H1,2022-06,MIX,2020-01-01,true,false,AVAILABLE,2,-0.342360759868,false,true,false
v2,quarterly,baseline,T2,H1,2022-06,NG,2020-02-03,true,false,AVAILABLE,1,-0.676278500186,false,true,false
v2,quarterly,baseline,T2,H1,2022-07,Si,2020-01-01,true,false,AVAILABLE,2,-0.066408092941,false,true,false
v2,quarterly,baseline,T2,H1,2022-07,CNY,2022-04-21,true,false,AVAILABLE,1,1.31405707357,true,false,false
v2,quarterly,baseline,T2,H1,2022-07,GD,2020-01-01,true,false,AVAILABLE,1,-0.392025973192,false,true,false
v2,quarterly,baseline,T2,H1,2022-07,BR,2020-01-01,true,false,AVAILABLE,1,-1.00211647112,false,true,false
v2,quarterly,baseline,T2,H1,2022-07,MIX,2020-01-01,true,false,AVAILABLE,1,-0.413548573796,false,true,false
v2,quarterly,baseline,T2,H1,2022-07,NG,2020-02-03,true,false,AVAILABLE,2,9.79373318024,true,false,false
v2,quarterly,baseline,T2,H1,2022-08,Si,2020-01-01,true,false,AVAILABLE,2,0.321108389018,true,false,false
v2,quarterly,baseline,T2,H1,2022-08,CNY,2022-04-21,true,false,AVAILABLE,2,0.931943051436,true,false,false
v2,quarterly,baseline,T2,H1,2022-08,GD,2020-01-01,true,false,AVAILABLE,1,-0.740959231422,false,true,false
v2,quarterly,baseline,T2,H1,2022-08,BR,2020-01-01,true,false,AVAILABLE,3,-2.12889554801,false,true,false
v2,quarterly,baseline,T2,H1,2022-08,MIX,2020-01-01,true,false,AVAILABLE,3,0.583792875638,true,false,false
v2,quarterly,baseline,T2,H1,2022-08,NG,2020-02-03,true,false,AVAILABLE,1,-0.621660915883,false,true,false
v2,quarterly,baseline,T2,H1,2022-09,Si,2020-01-01,true,false,AVAILABLE,4,4.53390614848,true,false,false
v2,quarterly,baseline,T2,H1,2022-09,CNY,2022-04-21,true,false,AVAILABLE,2,-1.34369655671,false,true,false
v2,quarterly,baseline,T2,H1,2022-09,GD,2020-01-01,true,false,AVAILABLE,5,-0.747460887141,false,true,false
v2,quarterly,baseline,T2,H1,2022-09,BR,2020-01-01,true,false,AVAILABLE,4,-2.90603001761,false,true,false
v2,quarterly,baseline,T2,H1,2022-09,MIX,2020-01-01,true,false,AVAILABLE,2,-1.10814770394,false,true,false
v2,quarterly,baseline,T2,H1,2022-09,NG,2020-02-03,true,false,AVAILABLE,1,0.01371867931,true,false,false
v2,quarterly,baseline,T2,H1,2022-10,Si,2020-01-01,true,false,AVAILABLE,1,-0.40049015925,false,true,false
v2,quarterly,baseline,T2,H1,2022-10,CNY,2022-04-21,true,false,AVAILABLE,1,1.11775705204,true,false,false
v2,quarterly,baseline,T2,H1,2022-10,GD,2020-01-01,true,false,AVAILABLE,2,-1.38081167746,false,true,false
v2,quarterly,baseline,T2,H1,2022-10,BR,2020-01-01,true,false,NO_TRADES,0,0,false,false,true
v2,quarterly,baseline,T2,H1,2022-10,MIX,2020-01-01,true,false,AVAILABLE,1,-1.00000037368,false,true,false
v2,quarterly,baseline,T2,H1,2022-10,NG,2020-02-03,true,false,AVAILABLE,2,-1.81904161435,false,true,false
v2,quarterly,baseline,T2,H1,2022-11,Si,2020-01-01,true,false,AVAILABLE,2,-2.00001276286,false,true,false
v2,quarterly,baseline,T2,H1,2022-11,CNY,2022-04-21,true,false,AVAILABLE,1,-1.05599235727,false,true,false
v2,quarterly,baseline,T2,H1,2022-11,GD,2020-01-01,true,false,AVAILABLE,2,-0.986727360729,false,true,false
v2,quarterly,baseline,T2,H1,2022-11,BR,2020-01-01,true,false,AVAILABLE,1,-0.0919944063693,false,true,false
v2,quarterly,baseline,T2,H1,2022-11,MIX,2020-01-01,true,false,AVAILABLE,4,-0.071824088296,false,true,false
v2,quarterly,baseline,T2,H1,2022-11,NG,2020-02-03,true,false,AVAILABLE,1,-1.00464748383,false,true,false
v2,quarterly,baseline,T2,H1,2022-12,Si,2020-01-01,true,false,AVAILABLE,3,1.17465811786,true,false,false
v2,quarterly,baseline,T2,H1,2022-12,CNY,2022-04-21,true,false,AVAILABLE,2,-0.222248894221,false,true,false
v2,quarterly,baseline,T2,H1,2022-12,GD,2020-01-01,true,false,AVAILABLE,1,-1.00019222407,false,true,false
v2,quarterly,baseline,T2,H1,2022-12,BR,2020-01-01,true,false,AVAILABLE,1,-0.860000958408,false,true,false
v2,quarterly,baseline,T2,H1,2022-12,MIX,2020-01-01,true,false,AVAILABLE,2,-0.939605583059,false,true,false
v2,quarterly,baseline,T2,H1,2022-12,NG,2020-02-03,true,false,AVAILABLE,1,-1.00360054479,false,true,false
v2,quarterly,baseline,T2,H1,2023-01,Si,2020-01-01,true,false,NO_TRADES,0,0,false,false,true
v2,quarterly,baseline,T2,H1,2023-01,CNY,2022-04-21,true,false,AVAILABLE,1,1.94792114633,true,false,false
v2,quarterly,baseline,T2,H1,2023-01,GD,2020-01-01,true,false,AVAILABLE,4,6.56619047792,true,false,false
v2,quarterly,baseline,T2,H1,2023-01,BR,2020-01-01,true,false,AVAILABLE,1,-0.0856403726448,false,true,false
v2,quarterly,baseline,T2,H1,2023-01,MIX,2020-01-01,true,false,AVAILABLE,1,-0.912259869835,false,true,false
v2,quarterly,baseline,T2,H1,2023-01,NG,2020-02-03,true,false,AVAILABLE,4,2.45420676837,true,false,false
v2,quarterly,baseline,T2,H1,2023-02,Si,2020-01-01,true,false,AVAILABLE,2,-0.849410657187,false,true,false
v2,quarterly,baseline,T2,H1,2023-02,CNY,2022-04-21,true,false,AVAILABLE,3,-0.915096644714,false,true,false
v2,quarterly,baseline,T2,H1,2023-02,GD,2020-01-01,true,false,AVAILABLE,1,0.488366348891,true,false,false
v2,quarterly,baseline,T2,H1,2023-02,BR,2020-01-01,true,false,AVAILABLE,2,-0.155716683449,false,true,false
v2,quarterly,baseline,T2,H1,2023-02,MIX,2020-01-01,true,false,AVAILABLE,3,-0.452421060325,false,true,false
v2,quarterly,baseline,T2,H1,2023-02,NG,2020-02-03,true,false,AVAILABLE,1,0.075588292183,true,false,false
v2,quarterly,baseline,T2,H1,2023-03,Si,2020-01-01,true,false,AVAILABLE,1,-0.610588460633,false,true,false
v2,quarterly,baseline,T2,H1,2023-03,CNY,2022-04-21,true,false,AVAILABLE,1,-0.874148579002,false,true,false
v2,quarterly,baseline,T2,H1,2023-03,GD,2020-01-01,true,false,AVAILABLE,4,-3.31347669545,false,true,false
v2,quarterly,baseline,T2,H1,2023-03,BR,2020-01-01,true,false,AVAILABLE,3,1.34509980873,true,false,false
v2,quarterly,baseline,T2,H1,2023-03,MIX,2020-01-01,true,false,AVAILABLE,2,-0.887363811953,false,true,false
v2,quarterly,baseline,T2,H1,2023-03,NG,2020-02-03,true,false,AVAILABLE,3,0.113332352862,true,false,false
v2,quarterly,baseline,T2,H1,2023-04,Si,2020-01-01,true,false,AVAILABLE,3,1.34961765363,true,false,false
v2,quarterly,baseline,T2,H1,2023-04,CNY,2022-04-21,true,false,AVAILABLE,1,8.80678490562,true,false,false
v2,quarterly,baseline,T2,H1,2023-04,GD,2020-01-01,true,false,AVAILABLE,5,2.5852439736,true,false,false
v2,quarterly,baseline,T2,H1,2023-04,BR,2020-01-01,true,false,AVAILABLE,2,3.66046610682,true,false,false
v2,quarterly,baseline,T2,H1,2023-04,MIX,2020-01-01,true,false,AVAILABLE,3,-2.61006284531,false,true,false
v2,quarterly,baseline,T2,H1,2023-04,NG,2020-02-03,true,false,AVAILABLE,1,-0.212614620363,false,true,false
v2,quarterly,baseline,T2,H1,2023-05,Si,2020-01-01,true,false,AVAILABLE,4,0.384233262351,true,false,false
v2,quarterly,baseline,T2,H1,2023-05,CNY,2022-04-21,true,false,NO_TRADES,0,0,false,false,true
v2,quarterly,baseline,T2,H1,2023-05,GD,2020-01-01,true,false,AVAILABLE,1,0.55212440459,true,false,false
v2,quarterly,baseline,T2,H1,2023-05,BR,2020-01-01,true,false,AVAILABLE,3,-2.16670660159,false,true,false
v2,quarterly,baseline,T2,H1,2023-05,MIX,2020-01-01,true,false,AVAILABLE,3,-1.13706135787,false,true,false
v2,quarterly,baseline,T2,H1,2023-05,NG,2020-02-03,true,false,AVAILABLE,2,2.52111114594,true,false,false
v2,quarterly,baseline,T2,H1,2023-06,Si,2020-01-01,true,false,AVAILABLE,4,3.1540167586,true,false,false
v2,quarterly,baseline,T2,H1,2023-06,CNY,2022-04-21,true,false,AVAILABLE,1,0.780610383053,true,false,false
v2,quarterly,baseline,T2,H1,2023-06,GD,2020-01-01,true,false,AVAILABLE,5,2.31972395176,true,false,false
v2,quarterly,baseline,T2,H1,2023-06,BR,2020-01-01,true,false,AVAILABLE,2,-1.16584309796,false,true,false
v2,quarterly,baseline,T2,H1,2023-06,MIX,2020-01-01,true,false,AVAILABLE,2,1.28161524867,true,false,false
v2,quarterly,baseline,T2,H1,2023-06,NG,2020-02-03,true,false,AVAILABLE,2,0.26457591741,true,false,false
v2,quarterly,baseline,T2,H1,2023-07,Si,2020-01-01,true,false,AVAILABLE,3,-0.531057184659,false,true,false
v2,quarterly,baseline,T2,H1,2023-07,CNY,2022-04-21,true,false,AVAILABLE,2,-1.24950934049,false,true,false
v2,quarterly,baseline,T2,H1,2023-07,GD,2020-01-01,true,false,NO_TRADES,0,0,false,false,true
v2,quarterly,baseline,T2,H1,2023-07,BR,2020-01-01,true,false,AVAILABLE,1,4.05392246848,true,false,false
v2,quarterly,baseline,T2,H1,2023-07,MIX,2020-01-01,true,false,AVAILABLE,2,-2.00000412372,false,true,false
v2,quarterly,baseline,T2,H1,2023-07,NG,2020-02-03,true,false,AVAILABLE,2,-1.53668620099,false,true,false
v2,quarterly,baseline,T2,H1,2023-08,Si,2020-01-01,true,false,AVAILABLE,3,4.62212730739,true,false,false
v2,quarterly,baseline,T2,H1,2023-08,CNY,2022-04-21,true,false,AVAILABLE,2,1.62882221132,true,false,false
v2,quarterly,baseline,T2,H1,2023-08,GD,2020-01-01,true,false,AVAILABLE,4,-0.949961601271,false,true,false
v2,quarterly,baseline,T2,H1,2023-08,BR,2020-01-01,true,false,AVAILABLE,4,-1.98588494151,false,true,false
v2,quarterly,baseline,T2,H1,2023-08,MIX,2020-01-01,true,false,AVAILABLE,3,-1.15155014569,false,true,false
v2,quarterly,baseline,T2,H1,2023-08,NG,2020-02-03,true,false,NO_TRADES,0,0,false,false,true
v2,quarterly,baseline,T2,H1,2023-09,Si,2020-01-01,true,false,AVAILABLE,2,-0.200208705288,false,true,false
v2,quarterly,baseline,T2,H1,2023-09,CNY,2022-04-21,true,false,AVAILABLE,4,0.226166986998,true,false,false
v2,quarterly,baseline,T2,H1,2023-09,GD,2020-01-01,true,false,AVAILABLE,3,5.93504092906,true,false,false
v2,quarterly,baseline,T2,H1,2023-09,BR,2020-01-01,true,false,AVAILABLE,2,0.127933627224,true,false,false
v2,quarterly,baseline,T2,H1,2023-09,MIX,2020-01-01,true,false,NO_TRADES,0,0,false,false,true
v2,quarterly,baseline,T2,H1,2023-09,NG,2020-02-03,true,false,AVAILABLE,1,0.0507813669338,true,false,false
v2,quarterly,baseline,T2,H1,2023-10,Si,2020-01-01,true,false,AVAILABLE,1,-1.00000271893,false,true,false
v2,quarterly,baseline,T2,H1,2023-10,CNY,2022-04-21,true,false,AVAILABLE,3,23.1040697413,true,false,false
v2,quarterly,baseline,T2,H1,2023-10,GD,2020-01-01,true,false,AVAILABLE,2,-1.15098475721,false,true,false
v2,quarterly,baseline,T2,H1,2023-10,BR,2020-01-01,true,false,AVAILABLE,3,-2.35911610267,false,true,false
v2,quarterly,baseline,T2,H1,2023-10,MIX,2020-01-01,true,false,AVAILABLE,1,-0.951486041913,false,true,false
v2,quarterly,baseline,T2,H1,2023-10,NG,2020-02-03,true,false,AVAILABLE,2,6.75113403066,true,false,false
v2,quarterly,baseline,T2,H1,2023-11,Si,2020-01-01,true,false,AVAILABLE,1,-0.603763400779,false,true,false
v2,quarterly,baseline,T2,H1,2023-11,CNY,2022-04-21,true,false,NO_TRADES,0,0,false,false,true
v2,quarterly,baseline,T2,H1,2023-11,GD,2020-01-01,true,false,AVAILABLE,1,1.37837765486,true,false,false
v2,quarterly,baseline,T2,H1,2023-11,BR,2020-01-01,true,false,AVAILABLE,2,-1.158997655,false,true,false
v2,quarterly,baseline,T2,H1,2023-11,MIX,2020-01-01,true,false,AVAILABLE,4,-1.64984665682,false,true,false
v2,quarterly,baseline,T2,H1,2023-11,NG,2020-02-03,true,false,AVAILABLE,4,0.299855704247,true,false,false
v2,quarterly,baseline,T2,H1,2023-12,Si,2020-01-01,true,false,AVAILABLE,1,-0.776526984502,false,true,false
v2,quarterly,baseline,T2,H1,2023-12,CNY,2022-04-21,true,false,NO_TRADES,0,0,false,false,true
v2,quarterly,baseline,T2,H1,2023-12,GD,2020-01-01,true,false,AVAILABLE,2,7.1773987406,true,false,false
v2,quarterly,baseline,T2,H1,2023-12,BR,2020-01-01,true,false,AVAILABLE,1,1.97703594489,true,false,false
v2,quarterly,baseline,T2,H1,2023-12,MIX,2020-01-01,true,false,AVAILABLE,2,1.2902828473,true,false,false
v2,quarterly,baseline,T2,H1,2023-12,NG,2020-02-03,true,false,AVAILABLE,6,7.41217140502,true,false,false
v2,quarterly,baseline,T2,H1,2024-01,Si,2020-01-01,true,false,NO_TRADES,0,0,false,false,true
v2,quarterly,baseline,T2,H1,2024-01,CNY,2022-04-21,true,false,NO_TRADES,0,0,false,false,true
v2,quarterly,baseline,T2,H1,2024-01,GD,2020-01-01,true,false,AVAILABLE,4,-1.42164411151,false,true,false
v2,quarterly,baseline,T2,H1,2024-01,BR,2020-01-01,true,false,NO_TRADES,0,0,false,false,true
v2,quarterly,baseline,T2,H1,2024-01,MIX,2020-01-01,true,false,AVAILABLE,5,-0.645018815826,false,true,false
v2,quarterly,baseline,T2,H1,2024-01,NG,2020-02-03,true,false,AVAILABLE,4,2.97520866664,true,false,false
v2,quarterly,baseline,T2,H1,2024-02,Si,2020-01-01,true,false,AVAILABLE,3,-1.07317620869,false,true,false
v2,quarterly,baseline,T2,H1,2024-02,CNY,2022-04-21,true,false,AVAILABLE,3,-1.91307170206,false,true,false
v2,quarterly,baseline,T2,H1,2024-02,GD,2020-01-01,true,false,AVAILABLE,1,-0.422583100787,false,true,false
v2,quarterly,baseline,T2,H1,2024-02,BR,2020-01-01,true,false,AVAILABLE,2,-0.351490239022,false,true,false
v2,quarterly,baseline,T2,H1,2024-02,MIX,2020-01-01,true,false,AVAILABLE,3,1.31496237908,true,false,false
v2,quarterly,baseline,T2,H1,2024-02,NG,2020-02-03,true,false,AVAILABLE,3,6.51453636547,true,false,false
v2,quarterly,baseline,T2,H1,2024-03,Si,2020-01-01,true,false,AVAILABLE,1,-1.00000571293,false,true,false
v2,quarterly,baseline,T2,H1,2024-03,CNY,2022-04-21,true,false,AVAILABLE,1,-1.04053616355,false,true,false
v2,quarterly,baseline,T2,H1,2024-03,GD,2020-01-01,true,false,NO_TRADES,0,0,false,false,true
v2,quarterly,baseline,T2,H1,2024-03,BR,2020-01-01,true,false,AVAILABLE,1,-1.00401805259,false,true,false
v2,quarterly,baseline,T2,H1,2024-03,MIX,2020-01-01,true,false,AVAILABLE,4,0.086897744223,true,false,false
v2,quarterly,baseline,T2,H1,2024-03,NG,2020-02-03,true,false,AVAILABLE,1,3.86786983537,true,false,false
v2,quarterly,baseline,T2,H1,2024-04,Si,2020-01-01,true,false,AVAILABLE,3,-0.28711547257,false,true,false
v2,quarterly,baseline,T2,H1,2024-04,CNY,2022-04-21,true,false,AVAILABLE,5,-3.41598724336,false,true,false
v2,quarterly,baseline,T2,H1,2024-04,GD,2020-01-01,true,false,AVAILABLE,5,7.21701969955,true,false,false
v2,quarterly,baseline,T2,H1,2024-04,BR,2020-01-01,true,false,AVAILABLE,4,-0.107661615003,false,true,false
v2,quarterly,baseline,T2,H1,2024-04,MIX,2020-01-01,true,false,AVAILABLE,4,0.082376978184,true,false,false
v2,quarterly,baseline,T2,H1,2024-04,NG,2020-02-03,true,false,AVAILABLE,3,-1.94530977542,false,true,false
v2,quarterly,baseline,T2,H1,2024-05,Si,2020-01-01,true,false,AVAILABLE,2,-0.060383998175,false,true,false
v2,quarterly,baseline,T2,H1,2024-05,CNY,2022-04-21,true,false,AVAILABLE,2,12.5834488484,true,false,false
v2,quarterly,baseline,T2,H1,2024-05,GD,2020-01-01,true,false,AVAILABLE,2,1.08980820047,true,false,false
v2,quarterly,baseline,T2,H1,2024-05,BR,2020-01-01,true,false,AVAILABLE,4,0.795680262825,true,false,false
v2,quarterly,baseline,T2,H1,2024-05,MIX,2020-01-01,true,false,AVAILABLE,3,2.96459536104,true,false,false
v2,quarterly,baseline,T2,H1,2024-05,NG,2020-02-03,true,false,AVAILABLE,2,-1.23201061496,false,true,false
v2,quarterly,baseline,T2,H1,2024-06,Si,2020-01-01,true,false,AVAILABLE,4,5.94095588336,true,false,false
v2,quarterly,baseline,T2,H1,2024-06,CNY,2022-04-21,true,false,AVAILABLE,2,-1.56310268401,false,true,false
v2,quarterly,baseline,T2,H1,2024-06,GD,2020-01-01,true,false,NO_TRADES,0,0,false,false,true
v2,quarterly,baseline,T2,H1,2024-06,BR,2020-01-01,true,false,NO_TRADES,0,0,false,false,true
v2,quarterly,baseline,T2,H1,2024-06,MIX,2020-01-01,true,false,AVAILABLE,3,-0.062893514126,false,true,false
v2,quarterly,baseline,T2,H1,2024-06,NG,2020-02-03,true,false,AVAILABLE,3,2.4940151699,true,false,false
v2,quarterly,baseline,T2,H1,2024-07,Si,2020-01-01,true,false,AVAILABLE,1,-1.00000760536,false,true,false
v2,quarterly,baseline,T2,H1,2024-07,CNY,2022-04-21,true,false,AVAILABLE,1,-0.459202953168,false,true,false
v2,quarterly,baseline,T2,H1,2024-07,GD,2020-01-01,true,false,AVAILABLE,2,2.18896463015,true,false,false
v2,quarterly,baseline,T2,H1,2024-07,BR,2020-01-01,true,false,AVAILABLE,3,1.84464567325,true,false,false
v2,quarterly,baseline,T2,H1,2024-07,MIX,2020-01-01,true,false,AVAILABLE,3,-0.252439780256,false,true,false
v2,quarterly,baseline,T2,H1,2024-07,NG,2020-02-03,true,false,AVAILABLE,6,6.46592537174,true,false,false
v2,quarterly,baseline,T2,H1,2024-08,Si,2020-01-01,true,false,AVAILABLE,2,-1.26351212942,false,true,false
v2,quarterly,baseline,T2,H1,2024-08,CNY,2022-04-21,true,false,AVAILABLE,1,2.39325164361,true,false,false
v2,quarterly,baseline,T2,H1,2024-08,GD,2020-01-01,true,false,AVAILABLE,5,-2.04736075318,false,true,false
v2,quarterly,baseline,T2,H1,2024-08,BR,2020-01-01,true,false,NO_TRADES,0,0,false,false,true
v2,quarterly,baseline,T2,H1,2024-08,MIX,2020-01-01,true,false,AVAILABLE,3,2.47176403222,true,false,false
v2,quarterly,baseline,T2,H1,2024-08,NG,2020-02-03,true,false,AVAILABLE,2,-0.651551049759,false,true,false
v2,quarterly,baseline,T2,H1,2024-09,Si,2020-01-01,true,false,AVAILABLE,5,6.75168539549,true,false,false
v2,quarterly,baseline,T2,H1,2024-09,CNY,2022-04-21,true,false,AVAILABLE,2,16.4515659621,true,false,false
v2,quarterly,baseline,T2,H1,2024-09,GD,2020-01-01,true,false,AVAILABLE,1,-0.911719271163,false,true,false
v2,quarterly,baseline,T2,H1,2024-09,BR,2020-01-01,true,false,AVAILABLE,2,1.9310793218,true,false,false
v2,quarterly,baseline,T2,H1,2024-09,MIX,2020-01-01,true,false,AVAILABLE,1,-0.0911055810146,false,true,false
v2,quarterly,baseline,T2,H1,2024-09,NG,2020-02-03,true,false,AVAILABLE,1,-0.505207002203,false,true,false
v2,quarterly,baseline,T2,H1,2024-10,Si,2020-01-01,true,false,AVAILABLE,6,2.80052363035,true,false,false
v2,quarterly,baseline,T2,H1,2024-10,CNY,2022-04-21,true,false,AVAILABLE,2,-2.03560952744,false,true,false
v2,quarterly,baseline,T2,H1,2024-10,GD,2020-01-01,true,false,AVAILABLE,3,3.23666781901,true,false,false
v2,quarterly,baseline,T2,H1,2024-10,BR,2020-01-01,true,false,AVAILABLE,1,-0.0114507624847,false,true,false
v2,quarterly,baseline,T2,H1,2024-10,MIX,2020-01-01,true,false,AVAILABLE,1,3.18172551301,true,false,false
v2,quarterly,baseline,T2,H1,2024-10,NG,2020-02-03,true,false,AVAILABLE,4,0.159881165894,true,false,false
v2,quarterly,baseline,T2,H1,2024-11,Si,2020-01-01,true,false,AVAILABLE,2,4.58898901485,true,false,false
v2,quarterly,baseline,T2,H1,2024-11,CNY,2022-04-21,true,false,AVAILABLE,4,0.611198667714,true,false,false
v2,quarterly,baseline,T2,H1,2024-11,GD,2020-01-01,true,false,NO_TRADES,0,0,false,false,true
v2,quarterly,baseline,T2,H1,2024-11,BR,2020-01-01,true,false,AVAILABLE,3,-1.46516648596,false,true,false
v2,quarterly,baseline,T2,H1,2024-11,MIX,2020-01-01,true,false,AVAILABLE,4,2.73495066823,true,false,false
v2,quarterly,baseline,T2,H1,2024-11,NG,2020-02-03,true,false,AVAILABLE,2,-0.558557978494,false,true,false
v2,quarterly,baseline,T2,H1,2024-12,Si,2020-01-01,true,false,AVAILABLE,1,-0.24530679416,false,true,false
v2,quarterly,baseline,T2,H1,2024-12,CNY,2022-04-21,true,false,NO_TRADES,0,0,false,false,true
v2,quarterly,baseline,T2,H1,2024-12,GD,2020-01-01,true,false,AVAILABLE,2,-0.839420641397,false,true,false
v2,quarterly,baseline,T2,H1,2024-12,BR,2020-01-01,true,false,AVAILABLE,2,-0.879757375704,false,true,false
v2,quarterly,baseline,T2,H1,2024-12,MIX,2020-01-01,true,false,AVAILABLE,2,2.77539352817,true,false,false
v2,quarterly,baseline,T2,H1,2024-12,NG,2020-02-03,true,false,AVAILABLE,4,-1.28807892746,false,true,false
v2,quarterly,baseline,T3,M30,2020-01,Si,2020-01-01,true,false,AVAILABLE,2,-1.32897104408,false,true,false
v2,quarterly,baseline,T3,M30,2020-01,CNY,2022-04-21,false,false,NOT_YET_AVAILABLE,0,0,false,false,false
v2,quarterly,baseline,T3,M30,2020-01,GD,2020-01-01,true,false,NO_TRADES,0,0,false,false,true
v2,quarterly,baseline,T3,M30,2020-01,BR,2020-01-01,true,false,AVAILABLE,1,-1.00653501273,false,true,false
v2,quarterly,baseline,T3,M30,2020-01,MIX,2020-01-01,true,false,AVAILABLE,1,-1.000001426,false,true,false
v2,quarterly,baseline,T3,M30,2020-01,NG,2020-02-03,false,false,NOT_YET_AVAILABLE,0,0,false,false,false
v2,quarterly,baseline,T3,M30,2020-02,Si,2020-01-01,true,false,AVAILABLE,7,-1.03872362571,false,true,false
v2,quarterly,baseline,T3,M30,2020-02,CNY,2022-04-21,false,false,NOT_YET_AVAILABLE,0,0,false,false,false
v2,quarterly,baseline,T3,M30,2020-02,GD,2020-01-01,true,false,AVAILABLE,8,0.423265585847,true,false,false
v2,quarterly,baseline,T3,M30,2020-02,BR,2020-01-01,true,false,AVAILABLE,7,-1.43049882439,false,true,false
v2,quarterly,baseline,T3,M30,2020-02,MIX,2020-01-01,true,false,AVAILABLE,3,7.72755499233,true,false,false
v2,quarterly,baseline,T3,M30,2020-02,NG,2020-02-03,true,true,NO_TRADES,0,0,false,false,true
v2,quarterly,baseline,T3,M30,2020-03,Si,2020-01-01,true,false,AVAILABLE,7,16.9518498405,true,false,false
v2,quarterly,baseline,T3,M30,2020-03,CNY,2022-04-21,false,false,NOT_YET_AVAILABLE,0,0,false,false,false
v2,quarterly,baseline,T3,M30,2020-03,GD,2020-01-01,true,false,AVAILABLE,5,-2.52432972566,false,true,false
v2,quarterly,baseline,T3,M30,2020-03,BR,2020-01-01,true,false,AVAILABLE,8,5.98797344014,true,false,false
v2,quarterly,baseline,T3,M30,2020-03,MIX,2020-01-01,true,false,AVAILABLE,6,-1.33913937051,false,true,false
v2,quarterly,baseline,T3,M30,2020-03,NG,2020-02-03,true,false,AVAILABLE,2,-1.66234550656,false,true,false
v2,quarterly,baseline,T3,M30,2020-04,Si,2020-01-01,true,false,AVAILABLE,4,-1.89354203102,false,true,false
v2,quarterly,baseline,T3,M30,2020-04,CNY,2022-04-21,false,false,NOT_YET_AVAILABLE,0,0,false,false,false
v2,quarterly,baseline,T3,M30,2020-04,GD,2020-01-01,true,false,AVAILABLE,2,-0.783199623381,false,true,false
v2,quarterly,baseline,T3,M30,2020-04,BR,2020-01-01,true,false,AVAILABLE,7,-4.24886226708,false,true,false
v2,quarterly,baseline,T3,M30,2020-04,MIX,2020-01-01,true,false,AVAILABLE,4,-2.985496257,false,true,false
v2,quarterly,baseline,T3,M30,2020-04,NG,2020-02-03,true,false,AVAILABLE,7,1.4529476119,true,false,false
v2,quarterly,baseline,T3,M30,2020-05,Si,2020-01-01,true,false,NO_TRADES,0,0,false,false,true
v2,quarterly,baseline,T3,M30,2020-05,CNY,2022-04-21,false,false,NOT_YET_AVAILABLE,0,0,false,false,false
v2,quarterly,baseline,T3,M30,2020-05,GD,2020-01-01,true,false,AVAILABLE,2,0.803582470213,true,false,false
v2,quarterly,baseline,T3,M30,2020-05,BR,2020-01-01,true,false,AVAILABLE,4,-0.525906895631,false,true,false
v2,quarterly,baseline,T3,M30,2020-05,MIX,2020-01-01,true,false,AVAILABLE,3,2.05209974453,true,false,false
v2,quarterly,baseline,T3,M30,2020-05,NG,2020-02-03,true,false,AVAILABLE,3,1.29945883578,true,false,false
v2,quarterly,baseline,T3,M30,2020-06,Si,2020-01-01,true,false,AVAILABLE,3,-0.975580795224,false,true,false
v2,quarterly,baseline,T3,M30,2020-06,CNY,2022-04-21,false,false,NOT_YET_AVAILABLE,0,0,false,false,false
v2,quarterly,baseline,T3,M30,2020-06,GD,2020-01-01,true,false,AVAILABLE,3,-0.212724447807,false,true,false
v2,quarterly,baseline,T3,M30,2020-06,BR,2020-01-01,true,false,AVAILABLE,5,-2.05641953118,false,true,false
v2,quarterly,baseline,T3,M30,2020-06,MIX,2020-01-01,true,false,AVAILABLE,2,-0.160664115852,false,true,false
v2,quarterly,baseline,T3,M30,2020-06,NG,2020-02-03,true,false,AVAILABLE,4,2.96134454545,true,false,false
v2,quarterly,baseline,T3,M30,2020-07,Si,2020-01-01,true,false,AVAILABLE,7,-0.790158231538,false,true,false
v2,quarterly,baseline,T3,M30,2020-07,CNY,2022-04-21,false,false,NOT_YET_AVAILABLE,0,0,false,false,false
v2,quarterly,baseline,T3,M30,2020-07,GD,2020-01-01,true,false,AVAILABLE,8,1.92935303646,true,false,false
v2,quarterly,baseline,T3,M30,2020-07,BR,2020-01-01,true,false,AVAILABLE,1,0.980463158593,true,false,false
v2,quarterly,baseline,T3,M30,2020-07,MIX,2020-01-01,true,false,AVAILABLE,3,1.65713780263,true,false,false
v2,quarterly,baseline,T3,M30,2020-07,NG,2020-02-03,true,false,AVAILABLE,3,-1.35483631835,false,true,false
v2,quarterly,baseline,T3,M30,2020-08,Si,2020-01-01,true,false,AVAILABLE,6,-1.38789967611,false,true,false
v2,quarterly,baseline,T3,M30,2020-08,CNY,2022-04-21,false,false,NOT_YET_AVAILABLE,0,0,false,false,false
v2,quarterly,baseline,T3,M30,2020-08,GD,2020-01-01,true,false,AVAILABLE,6,-3.56620373774,false,true,false
v2,quarterly,baseline,T3,M30,2020-08,BR,2020-01-01,true,false,AVAILABLE,5,-0.1150831939,false,true,false
v2,quarterly,baseline,T3,M30,2020-08,MIX,2020-01-01,true,false,AVAILABLE,3,4.6029130904,true,false,false
v2,quarterly,baseline,T3,M30,2020-08,NG,2020-02-03,true,false,AVAILABLE,5,1.60146277599,true,false,false
v2,quarterly,baseline,T3,M30,2020-09,Si,2020-01-01,true,false,AVAILABLE,4,4.34598158476,true,false,false
v2,quarterly,baseline,T3,M30,2020-09,CNY,2022-04-21,false,false,NOT_YET_AVAILABLE,0,0,false,false,false
v2,quarterly,baseline,T3,M30,2020-09,GD,2020-01-01,true,false,AVAILABLE,3,3.5444545766,true,false,false
v2,quarterly,baseline,T3,M30,2020-09,BR,2020-01-01,true,false,AVAILABLE,7,2.90376433033,true,false,false
v2,quarterly,baseline,T3,M30,2020-09,MIX,2020-01-01,true,false,AVAILABLE,5,0.619838738786,true,false,false
v2,quarterly,baseline,T3,M30,2020-09,NG,2020-02-03,true,false,AVAILABLE,5,2.85993333921,true,false,false
v2,quarterly,baseline,T3,M30,2020-10,Si,2020-01-01,true,false,AVAILABLE,3,1.68682995941,true,false,false
v2,quarterly,baseline,T3,M30,2020-10,CNY,2022-04-21,false,false,NOT_YET_AVAILABLE,0,0,false,false,false
v2,quarterly,baseline,T3,M30,2020-10,GD,2020-01-01,true,false,AVAILABLE,2,-1.32801273083,false,true,false
v2,quarterly,baseline,T3,M30,2020-10,BR,2020-01-01,true,false,AVAILABLE,2,5.00304968448,true,false,false
v2,quarterly,baseline,T3,M30,2020-10,MIX,2020-01-01,true,false,AVAILABLE,2,4.57242236645,true,false,false
v2,quarterly,baseline,T3,M30,2020-10,NG,2020-02-03,true,false,AVAILABLE,4,0.134316115563,true,false,false
v2,quarterly,baseline,T3,M30,2020-11,Si,2020-01-01,true,false,AVAILABLE,3,-1.16753002379,false,true,false
v2,quarterly,baseline,T3,M30,2020-11,CNY,2022-04-21,false,false,NOT_YET_AVAILABLE,0,0,false,false,false
v2,quarterly,baseline,T3,M30,2020-11,GD,2020-01-01,true,false,AVAILABLE,4,0.47730064653,true,false,false
v2,quarterly,baseline,T3,M30,2020-11,BR,2020-01-01,true,false,AVAILABLE,3,-0.928355204436,false,true,false
v2,quarterly,baseline,T3,M30,2020-11,MIX,2020-01-01,true,false,AVAILABLE,5,3.1753533022,true,false,false
v2,quarterly,baseline,T3,M30,2020-11,NG,2020-02-03,true,false,AVAILABLE,3,7.248917819,true,false,false
v2,quarterly,baseline,T3,M30,2020-12,Si,2020-01-01,true,false,AVAILABLE,6,0.176161704567,true,false,false
v2,quarterly,baseline,T3,M30,2020-12,CNY,2022-04-21,false,false,NOT_YET_AVAILABLE,0,0,false,false,false
v2,quarterly,baseline,T3,M30,2020-12,GD,2020-01-01,true,false,AVAILABLE,3,-0.138304972373,false,true,false
v2,quarterly,baseline,T3,M30,2020-12,BR,2020-01-01,true,false,AVAILABLE,2,-1.95976626872,false,true,false
v2,quarterly,baseline,T3,M30,2020-12,MIX,2020-01-01,true,false,AVAILABLE,4,0.118521326124,true,false,false
v2,quarterly,baseline,T3,M30,2020-12,NG,2020-02-03,true,false,AVAILABLE,5,0.28167383389,true,false,false
v2,quarterly,baseline,T3,M30,2021-01,Si,2020-01-01,true,false,AVAILABLE,3,-2.3957232787,false,true,false
v2,quarterly,baseline,T3,M30,2021-01,CNY,2022-04-21,false,false,NOT_YET_AVAILABLE,0,0,false,false,false
v2,quarterly,baseline,T3,M30,2021-01,GD,2020-01-01,true,false,AVAILABLE,2,1.09838944167,true,false,false
v2,quarterly,baseline,T3,M30,2021-01,BR,2020-01-01,true,false,AVAILABLE,4,-1.68228557486,false,true,false
v2,quarterly,baseline,T3,M30,2021-01,MIX,2020-01-01,true,false,AVAILABLE,6,-1.63565925096,false,true,false
v2,quarterly,baseline,T3,M30,2021-01,NG,2020-02-03,true,false,AVAILABLE,3,-1.57014428433,false,true,false
v2,quarterly,baseline,T3,M30,2021-02,Si,2020-01-01,true,false,AVAILABLE,2,-0.436825074619,false,true,false
v2,quarterly,baseline,T3,M30,2021-02,CNY,2022-04-21,false,false,NOT_YET_AVAILABLE,0,0,false,false,false
v2,quarterly,baseline,T3,M30,2021-02,GD,2020-01-01,true,false,AVAILABLE,4,-1.97506349847,false,true,false
v2,quarterly,baseline,T3,M30,2021-02,BR,2020-01-01,true,false,AVAILABLE,6,0.662010706796,true,false,false
v2,quarterly,baseline,T3,M30,2021-02,MIX,2020-01-01,true,false,AVAILABLE,2,3.54113249578,true,false,false
v2,quarterly,baseline,T3,M30,2021-02,NG,2020-02-03,true,false,AVAILABLE,3,-2.32177479644,false,true,false
v2,quarterly,baseline,T3,M30,2021-03,Si,2020-01-01,true,false,AVAILABLE,5,-2.77243616869,false,true,false
v2,quarterly,baseline,T3,M30,2021-03,CNY,2022-04-21,false,false,NOT_YET_AVAILABLE,0,0,false,false,false
v2,quarterly,baseline,T3,M30,2021-03,GD,2020-01-01,true,false,AVAILABLE,4,5.43008880994,true,false,false
v2,quarterly,baseline,T3,M30,2021-03,BR,2020-01-01,true,false,AVAILABLE,7,1.86187572997,true,false,false
v2,quarterly,baseline,T3,M30,2021-03,MIX,2020-01-01,true,false,AVAILABLE,4,-3.6017153141,false,true,false
v2,quarterly,baseline,T3,M30,2021-03,NG,2020-02-03,true,false,AVAILABLE,4,-0.078986880326,false,true,false
v2,quarterly,baseline,T3,M30,2021-04,Si,2020-01-01,true,false,AVAILABLE,5,-0.66434201643,false,true,false
v2,quarterly,baseline,T3,M30,2021-04,CNY,2022-04-21,false,false,NOT_YET_AVAILABLE,0,0,false,false,false
v2,quarterly,baseline,T3,M30,2021-04,GD,2020-01-01,true,false,AVAILABLE,7,0.793798770591,true,false,false
v2,quarterly,baseline,T3,M30,2021-04,BR,2020-01-01,true,false,AVAILABLE,2,-1.13422468981,false,true,false
v2,quarterly,baseline,T3,M30,2021-04,MIX,2020-01-01,true,false,AVAILABLE,5,0.66893929673,true,false,false
v2,quarterly,baseline,T3,M30,2021-04,NG,2020-02-03,true,false,AVAILABLE,5,1.61044878863,true,false,false
v2,quarterly,baseline,T3,M30,2021-05,Si,2020-01-01,true,false,AVAILABLE,2,-1.4399187531,false,true,false
v2,quarterly,baseline,T3,M30,2021-05,CNY,2022-04-21,false,false,NOT_YET_AVAILABLE,0,0,false,false,false
v2,quarterly,baseline,T3,M30,2021-05,GD,2020-01-01,true,false,AVAILABLE,6,-0.419104746563,false,true,false
v2,quarterly,baseline,T3,M30,2021-05,BR,2020-01-01,true,false,AVAILABLE,7,-3.15297327203,false,true,false
v2,quarterly,baseline,T3,M30,2021-05,MIX,2020-01-01,true,false,AVAILABLE,7,-5.4451785229,false,true,false
v2,quarterly,baseline,T3,M30,2021-05,NG,2020-02-03,true,false,AVAILABLE,3,0.94744561006,true,false,false
v2,quarterly,baseline,T3,M30,2021-06,Si,2020-01-01,true,false,AVAILABLE,7,-1.33103888633,false,true,false
v2,quarterly,baseline,T3,M30,2021-06,CNY,2022-04-21,false,false,NOT_YET_AVAILABLE,0,0,false,false,false
v2,quarterly,baseline,T3,M30,2021-06,GD,2020-01-01,true,false,AVAILABLE,3,0.357696436845,true,false,false
v2,quarterly,baseline,T3,M30,2021-06,BR,2020-01-01,true,false,AVAILABLE,9,-1.8970806626,false,true,false
v2,quarterly,baseline,T3,M30,2021-06,MIX,2020-01-01,true,false,AVAILABLE,5,1.30782602232,true,false,false
v2,quarterly,baseline,T3,M30,2021-06,NG,2020-02-03,true,false,AVAILABLE,9,3.198775618,true,false,false
v2,quarterly,baseline,T3,M30,2021-07,Si,2020-01-01,true,false,AVAILABLE,4,-0.818541805417,false,true,false
v2,quarterly,baseline,T3,M30,2021-07,CNY,2022-04-21,false,false,NOT_YET_AVAILABLE,0,0,false,false,false
v2,quarterly,baseline,T3,M30,2021-07,GD,2020-01-01,true,false,AVAILABLE,3,-2.07265667213,false,true,false
v2,quarterly,baseline,T3,M30,2021-07,BR,2020-01-01,true,false,AVAILABLE,6,-0.336829681049,false,true,false
v2,quarterly,baseline,T3,M30,2021-07,MIX,2020-01-01,true,false,AVAILABLE,7,0.501409542247,true,false,false
v2,quarterly,baseline,T3,M30,2021-07,NG,2020-02-03,true,false,AVAILABLE,7,-2.70034075488,false,true,false
v2,quarterly,baseline,T3,M30,2021-08,Si,2020-01-01,true,false,AVAILABLE,4,-2.03988123313,false,true,false
v2,quarterly,baseline,T3,M30,2021-08,CNY,2022-04-21,false,false,NOT_YET_AVAILABLE,0,0,false,false,false
v2,quarterly,baseline,T3,M30,2021-08,GD,2020-01-01,true,false,AVAILABLE,5,1.6355729099,true,false,false
v2,quarterly,baseline,T3,M30,2021-08,BR,2020-01-01,true,false,AVAILABLE,6,4.04195559916,true,false,false
v2,quarterly,baseline,T3,M30,2021-08,MIX,2020-01-01,true,false,AVAILABLE,5,3.91026153937,true,false,false
v2,quarterly,baseline,T3,M30,2021-08,NG,2020-02-03,true,false,AVAILABLE,8,-0.396012156573,false,true,false
v2,quarterly,baseline,T3,M30,2021-09,Si,2020-01-01,true,false,AVAILABLE,6,-1.14437289715,false,true,false
v2,quarterly,baseline,T3,M30,2021-09,CNY,2022-04-21,false,false,NOT_YET_AVAILABLE,0,0,false,false,false
v2,quarterly,baseline,T3,M30,2021-09,GD,2020-01-01,true,false,AVAILABLE,6,-1.18773418514,false,true,false
v2,quarterly,baseline,T3,M30,2021-09,BR,2020-01-01,true,false,AVAILABLE,4,0.644764894327,true,false,false
v2,quarterly,baseline,T3,M30,2021-09,MIX,2020-01-01,true,false,AVAILABLE,9,-3.28928844605,false,true,false
v2,quarterly,baseline,T3,M30,2021-09,NG,2020-02-03,true,false,AVAILABLE,11,3.72809220837,true,false,false
v2,quarterly,baseline,T3,M30,2021-10,Si,2020-01-01,true,false,AVAILABLE,9,3.06465144156,true,false,false
v2,quarterly,baseline,T3,M30,2021-10,CNY,2022-04-21,false,false,NOT_YET_AVAILABLE,0,0,false,false,false
v2,quarterly,baseline,T3,M30,2021-10,GD,2020-01-01,true,false,AVAILABLE,4,-2.80324754077,false,true,false
v2,quarterly,baseline,T3,M30,2021-10,BR,2020-01-01,true,false,AVAILABLE,3,2.5149707287,true,false,false
v2,quarterly,baseline,T3,M30,2021-10,MIX,2020-01-01,true,false,AVAILABLE,7,-1.77083014526,false,true,false
v2,quarterly,baseline,T3,M30,2021-10,NG,2020-02-03,true,false,AVAILABLE,6,-2.25398684746,false,true,false
v2,quarterly,baseline,T3,M30,2021-11,Si,2020-01-01,true,false,AVAILABLE,9,-0.440317919628,false,true,false
v2,quarterly,baseline,T3,M30,2021-11,CNY,2022-04-21,false,false,NOT_YET_AVAILABLE,0,0,false,false,false
v2,quarterly,baseline,T3,M30,2021-11,GD,2020-01-01,true,false,AVAILABLE,7,-0.138376517108,false,true,false
v2,quarterly,baseline,T3,M30,2021-11,BR,2020-01-01,true,false,AVAILABLE,6,1.48597725144,true,false,false
v2,quarterly,baseline,T3,M30,2021-11,MIX,2020-01-01,true,false,AVAILABLE,5,0.358289902337,true,false,false
v2,quarterly,baseline,T3,M30,2021-11,NG,2020-02-03,true,false,AVAILABLE,4,4.43177749324,true,false,false
v2,quarterly,baseline,T3,M30,2021-12,Si,2020-01-01,true,false,NO_TRADES,0,0,false,false,true
v2,quarterly,baseline,T3,M30,2021-12,CNY,2022-04-21,false,false,NOT_YET_AVAILABLE,0,0,false,false,false
v2,quarterly,baseline,T3,M30,2021-12,GD,2020-01-01,true,false,AVAILABLE,3,-1.50043346902,false,true,false
v2,quarterly,baseline,T3,M30,2021-12,BR,2020-01-01,true,false,AVAILABLE,3,1.59622253019,true,false,false
v2,quarterly,baseline,T3,M30,2021-12,MIX,2020-01-01,true,false,AVAILABLE,2,4.01362085723,true,false,false
v2,quarterly,baseline,T3,M30,2021-12,NG,2020-02-03,true,false,AVAILABLE,5,0.094217515088,true,false,false
v2,quarterly,baseline,T3,M30,2022-01,Si,2020-01-01,true,false,AVAILABLE,8,-2.41543685209,false,true,false
v2,quarterly,baseline,T3,M30,2022-01,CNY,2022-04-21,false,false,NOT_YET_AVAILABLE,0,0,false,false,false
v2,quarterly,baseline,T3,M30,2022-01,GD,2020-01-01,true,false,AVAILABLE,4,-1.95042826211,false,true,false
v2,quarterly,baseline,T3,M30,2022-01,BR,2020-01-01,true,false,AVAILABLE,10,-0.981521704593,false,true,false
v2,quarterly,baseline,T3,M30,2022-01,MIX,2020-01-01,true,false,AVAILABLE,4,2.78532678733,true,false,false
v2,quarterly,baseline,T3,M30,2022-01,NG,2020-02-03,true,false,AVAILABLE,8,1.50677063166,true,false,false
v2,quarterly,baseline,T3,M30,2022-02,Si,2020-01-01,true,false,AVAILABLE,4,10.1008733282,true,false,false
v2,quarterly,baseline,T3,M30,2022-02,CNY,2022-04-21,false,false,NOT_YET_AVAILABLE,0,0,false,false,false
v2,quarterly,baseline,T3,M30,2022-02,GD,2020-01-01,true,false,AVAILABLE,6,-1.517725045,false,true,false
v2,quarterly,baseline,T3,M30,2022-02,BR,2020-01-01,true,false,AVAILABLE,5,1.51323166944,true,false,false
v2,quarterly,baseline,T3,M30,2022-02,MIX,2020-01-01,true,false,AVAILABLE,6,8.99278329028,true,false,false
v2,quarterly,baseline,T3,M30,2022-02,NG,2020-02-03,true,false,AVAILABLE,5,2.0687048089,true,false,false
v2,quarterly,baseline,T3,M30,2022-03,Si,2020-01-01,true,false,AVAILABLE,4,3.55981038813,true,false,false
v2,quarterly,baseline,T3,M30,2022-03,CNY,2022-04-21,false,false,NOT_YET_AVAILABLE,0,0,false,false,false
v2,quarterly,baseline,T3,M30,2022-03,GD,2020-01-01,true,false,AVAILABLE,1,4.18350002469,true,false,false
v2,quarterly,baseline,T3,M30,2022-03,BR,2020-01-01,true,false,AVAILABLE,2,-0.50301409492,false,true,false
v2,quarterly,baseline,T3,M30,2022-03,MIX,2020-01-01,true,false,NO_TRADES,0,0,false,false,true
v2,quarterly,baseline,T3,M30,2022-03,NG,2020-02-03,true,false,AVAILABLE,1,0.189348318505,true,false,false
v2,quarterly,baseline,T3,M30,2022-04,Si,2020-01-01,true,false,AVAILABLE,2,-1.07313731385,false,true,false
v2,quarterly,baseline,T3,M30,2022-04,CNY,2022-04-21,true,true,NO_TRADES,0,0,false,false,true
v2,quarterly,baseline,T3,M30,2022-04,GD,2020-01-01,true,false,AVAILABLE,3,1.31708510421,true,false,false
v2,quarterly,baseline,T3,M30,2022-04,BR,2020-01-01,true,false,NO_TRADES,0,0,false,false,true
v2,quarterly,baseline,T3,M30,2022-04,MIX,2020-01-01,true,false,AVAILABLE,1,1.1494540198,true,false,false
v2,quarterly,baseline,T3,M30,2022-04,NG,2020-02-03,true,false,AVAILABLE,6,0.835538721831,true,false,false
v2,quarterly,baseline,T3,M30,2022-05,Si,2020-01-01,true,false,AVAILABLE,4,2.41908512208,true,false,false
v2,quarterly,baseline,T3,M30,2022-05,CNY,2022-04-21,true,false,NO_TRADES,0,0,false,false,true
v2,quarterly,baseline,T3,M30,2022-05,GD,2020-01-01,true,false,AVAILABLE,2,1.19938925909,true,false,false
v2,quarterly,baseline,T3,M30,2022-05,BR,2020-01-01,true,false,AVAILABLE,2,2.96259973935,true,false,false
v2,quarterly,baseline,T3,M30,2022-05,MIX,2020-01-01,true,false,AVAILABLE,2,-0.043593792599,false,true,false
v2,quarterly,baseline,T3,M30,2022-05,NG,2020-02-03,true,false,AVAILABLE,3,-1.15000936765,false,true,false
v2,quarterly,baseline,T3,M30,2022-06,Si,2020-01-01,true,false,AVAILABLE,2,-1.26368461689,false,true,false
v2,quarterly,baseline,T3,M30,2022-06,CNY,2022-04-21,true,false,NO_TRADES,0,0,false,false,true
v2,quarterly,baseline,T3,M30,2022-06,GD,2020-01-01,true,false,AVAILABLE,1,-0.460886078672,false,true,false
v2,quarterly,baseline,T3,M30,2022-06,BR,2020-01-01,true,false,AVAILABLE,5,-2.81055031507,false,true,false
v2,quarterly,baseline,T3,M30,2022-06,MIX,2020-01-01,true,false,NO_TRADES,0,0,false,false,true
v2,quarterly,baseline,T3,M30,2022-06,NG,2020-02-03,true,false,AVAILABLE,1,-1.00364188589,false,true,false
v2,quarterly,baseline,T3,M30,2022-07,Si,2020-01-01,true,false,AVAILABLE,4,-3.17462768856,false,true,false
v2,quarterly,baseline,T3,M30,2022-07,CNY,2022-04-21,true,false,AVAILABLE,2,-1.99829552018,false,true,false
v2,quarterly,baseline,T3,M30,2022-07,GD,2020-01-01,true,false,AVAILABLE,3,0.084535483728,true,false,false
v2,quarterly,baseline,T3,M30,2022-07,BR,2020-01-01,true,false,AVAILABLE,3,-1.04634317937,false,true,false
v2,quarterly,baseline,T3,M30,2022-07,MIX,2020-01-01,true,false,AVAILABLE,2,-1.81100097647,false,true,false
v2,quarterly,baseline,T3,M30,2022-07,NG,2020-02-03,true,false,AVAILABLE,4,3.09416502128,true,false,false
v2,quarterly,baseline,T3,M30,2022-08,Si,2020-01-01,true,false,AVAILABLE,2,-1.87613303391,false,true,false
v2,quarterly,baseline,T3,M30,2022-08,CNY,2022-04-21,true,false,AVAILABLE,4,-0.221461156745,false,true,false
v2,quarterly,baseline,T3,M30,2022-08,GD,2020-01-01,true,false,AVAILABLE,5,-0.0876610419655,false,true,false
v2,quarterly,baseline,T3,M30,2022-08,BR,2020-01-01,true,false,AVAILABLE,3,-1.75296802688,false,true,false
v2,quarterly,baseline,T3,M30,2022-08,MIX,2020-01-01,true,false,AVAILABLE,7,4.05059954624,true,false,false
v2,quarterly,baseline,T3,M30,2022-08,NG,2020-02-03,true,false,AVAILABLE,5,3.28625615409,true,false,false
v2,quarterly,baseline,T3,M30,2022-09,Si,2020-01-01,true,false,AVAILABLE,7,4.16022300196,true,false,false
v2,quarterly,baseline,T3,M30,2022-09,CNY,2022-04-21,true,false,AVAILABLE,3,1.61704411289,true,false,false
v2,quarterly,baseline,T3,M30,2022-09,GD,2020-01-01,true,false,AVAILABLE,11,-3.2599003437,false,true,false
v2,quarterly,baseline,T3,M30,2022-09,BR,2020-01-01,true,false,AVAILABLE,2,-0.766093432522,false,true,false
v2,quarterly,baseline,T3,M30,2022-09,MIX,2020-01-01,true,false,AVAILABLE,6,-3.68488260809,false,true,false
v2,quarterly,baseline,T3,M30,2022-09,NG,2020-02-03,true,false,AVAILABLE,8,-1.80120350634,false,true,false
v2,quarterly,baseline,T3,M30,2022-10,Si,2020-01-01,true,false,AVAILABLE,1,0.580785770344,true,false,false
v2,quarterly,baseline,T3,M30,2022-10,CNY,2022-04-21,true,false,AVAILABLE,3,-2.37265647196,false,true,false
v2,quarterly,baseline,T3,M30,2022-10,GD,2020-01-01,true,false,NO_TRADES,0,0,false,false,true
v2,quarterly,baseline,T3,M30,2022-10,BR,2020-01-01,true,false,AVAILABLE,2,0.0548175506565,true,false,false
v2,quarterly,baseline,T3,M30,2022-10,MIX,2020-01-01,true,false,AVAILABLE,2,2.17062858018,true,false,false
v2,quarterly,baseline,T3,M30,2022-10,NG,2020-02-03,true,false,AVAILABLE,3,7.8547312338,true,false,false
v2,quarterly,baseline,T3,M30,2022-11,Si,2020-01-01,true,false,AVAILABLE,1,-1.00001164015,false,true,false
v2,quarterly,baseline,T3,M30,2022-11,CNY,2022-04-21,true,false,AVAILABLE,4,0.127826717336,true,false,false
v2,quarterly,baseline,T3,M30,2022-11,GD,2020-01-01,true,false,AVAILABLE,4,0.511154383151,true,false,false
v2,quarterly,baseline,T3,M30,2022-11,BR,2020-01-01,true,false,AVAILABLE,5,2.57568510948,true,false,false
v2,quarterly,baseline,T3,M30,2022-11,MIX,2020-01-01,true,false,AVAILABLE,2,0.211713319779,true,false,false
v2,quarterly,baseline,T3,M30,2022-11,NG,2020-02-03,true,false,AVAILABLE,2,0.655414316634,true,false,false
v2,quarterly,baseline,T3,M30,2022-12,Si,2020-01-01,true,false,AVAILABLE,9,5.88198008449,true,false,false
v2,quarterly,baseline,T3,M30,2022-12,CNY,2022-04-21,true,false,AVAILABLE,9,12.9322158158,true,false,false
v2,quarterly,baseline,T3,M30,2022-12,GD,2020-01-01,true,false,AVAILABLE,6,-3.67445571681,false,true,false
v2,quarterly,baseline,T3,M30,2022-12,BR,2020-01-01,true,false,AVAILABLE,5,2.098543707,true,false,false
v2,quarterly,baseline,T3,M30,2022-12,MIX,2020-01-01,true,false,NO_TRADES,0,0,false,false,true
v2,quarterly,baseline,T3,M30,2022-12,NG,2020-02-03,true,false,AVAILABLE,5,8.57069715932,true,false,false
v2,quarterly,baseline,T3,M30,2023-01,Si,2020-01-01,true,false,AVAILABLE,2,0.27670481573,true,false,false
v2,quarterly,baseline,T3,M30,2023-01,CNY,2022-04-21,true,false,AVAILABLE,2,1.1398522896,true,false,false
v2,quarterly,baseline,T3,M30,2023-01,GD,2020-01-01,true,false,AVAILABLE,4,2.09328987305,true,false,false
v2,quarterly,baseline,T3,M30,2023-01,BR,2020-01-01,true,false,AVAILABLE,6,-2.61981737789,false,true,false
v2,quarterly,baseline,T3,M30,2023-01,MIX,2020-01-01,true,false,AVAILABLE,6,-0.574063592773,false,true,false
v2,quarterly,baseline,T3,M30,2023-01,NG,2020-02-03,true,false,AVAILABLE,8,3.33923157942,true,false,false
v2,quarterly,baseline,T3,M30,2023-02,Si,2020-01-01,true,false,AVAILABLE,6,0.488324067809,true,false,false
v2,quarterly,baseline,T3,M30,2023-02,CNY,2022-04-21,true,false,AVAILABLE,7,-1.52402614001,false,true,false
v2,quarterly,baseline,T3,M30,2023-02,GD,2020-01-01,true,false,AVAILABLE,2,-1.19342046742,false,true,false
v2,quarterly,baseline,T3,M30,2023-02,BR,2020-01-01,true,false,AVAILABLE,3,3.80503893293,true,false,false
v2,quarterly,baseline,T3,M30,2023-02,MIX,2020-01-01,true,false,AVAILABLE,8,1.02976285327,true,false,false
v2,quarterly,baseline,T3,M30,2023-02,NG,2020-02-03,true,false,AVAILABLE,5,-0.8239620442,false,true,false
v2,quarterly,baseline,T3,M30,2023-03,Si,2020-01-01,true,false,AVAILABLE,4,6.59206900146,true,false,false
v2,quarterly,baseline,T3,M30,2023-03,CNY,2022-04-21,true,false,AVAILABLE,5,-3.90734894359,false,true,false
v2,quarterly,baseline,T3,M30,2023-03,GD,2020-01-01,true,false,AVAILABLE,6,0.867356423678,true,false,false
v2,quarterly,baseline,T3,M30,2023-03,BR,2020-01-01,true,false,AVAILABLE,5,4.99574776136,true,false,false
v2,quarterly,baseline,T3,M30,2023-03,MIX,2020-01-01,true,false,AVAILABLE,5,2.10238815472,true,false,false
v2,quarterly,baseline,T3,M30,2023-03,NG,2020-02-03,true,false,AVAILABLE,2,0.5674294161,true,false,false
v2,quarterly,baseline,T3,M30,2023-04,Si,2020-01-01,true,false,AVAILABLE,6,7.57636163653,true,false,false
v2,quarterly,baseline,T3,M30,2023-04,CNY,2022-04-21,true,false,AVAILABLE,5,11.9542847801,true,false,false
v2,quarterly,baseline,T3,M30,2023-04,GD,2020-01-01,true,false,AVAILABLE,2,-1.98610622155,false,true,false
v2,quarterly,baseline,T3,M30,2023-04,BR,2020-01-01,true,false,AVAILABLE,5,3.99820121387,true,false,false
v2,quarterly,baseline,T3,M30,2023-04,MIX,2020-01-01,true,false,AVAILABLE,4,3.03238818624,true,false,false
v2,quarterly,baseline,T3,M30,2023-04,NG,2020-02-03,true,false,AVAILABLE,4,-0.368869772445,false,true,false
v2,quarterly,baseline,T3,M30,2023-05,Si,2020-01-01,true,false,AVAILABLE,6,1.46247638692,true,false,false
v2,quarterly,baseline,T3,M30,2023-05,CNY,2022-04-21,true,false,AVAILABLE,7,0.185444560517,true,false,false
v2,quarterly,baseline,T3,M30,2023-05,GD,2020-01-01,true,false,AVAILABLE,5,2.86718423496,true,false,false
v2,quarterly,baseline,T3,M30,2023-05,BR,2020-01-01,true,false,AVAILABLE,4,-1.49621315794,false,true,false
v2,quarterly,baseline,T3,M30,2023-05,MIX,2020-01-01,true,false,AVAILABLE,10,-3.10008295362,false,true,false
v2,quarterly,baseline,T3,M30,2023-05,NG,2020-02-03,true,false,AVAILABLE,3,1.88554164543,true,false,false
v2,quarterly,baseline,T3,M30,2023-06,Si,2020-01-01,true,false,AVAILABLE,7,1.06690068111,true,false,false
v2,quarterly,baseline,T3,M30,2023-06,CNY,2022-04-21,true,false,AVAILABLE,5,-1.39878357109,false,true,false
v2,quarterly,baseline,T3,M30,2023-06,GD,2020-01-01,true,false,AVAILABLE,6,-2.47982160522,false,true,false
v2,quarterly,baseline,T3,M30,2023-06,BR,2020-01-01,true,false,AVAILABLE,4,1.93953430293,true,false,false
v2,quarterly,baseline,T3,M30,2023-06,MIX,2020-01-01,true,false,AVAILABLE,4,2.16345508299,true,false,false
v2,quarterly,baseline,T3,M30,2023-06,NG,2020-02-03,true,false,AVAILABLE,6,4.95310938621,true,false,false
v2,quarterly,baseline,T3,M30,2023-07,Si,2020-01-01,true,false,AVAILABLE,5,-0.970760127443,false,true,false
v2,quarterly,baseline,T3,M30,2023-07,CNY,2022-04-21,true,false,AVAILABLE,5,6.06681085866,true,false,false
v2,quarterly,baseline,T3,M30,2023-07,GD,2020-01-01,true,false,AVAILABLE,2,3.554028e-05,true,false,false
v2,quarterly,baseline,T3,M30,2023-07,BR,2020-01-01,true,false,AVAILABLE,7,-1.92977994446,false,true,false
v2,quarterly,baseline,T3,M30,2023-07,MIX,2020-01-01,true,false,AVAILABLE,8,0.121180340324,true,false,false
v2,quarterly,baseline,T3,M30,2023-07,NG,2020-02-03,true,false,AVAILABLE,6,-4.61500495747,false,true,false
v2,quarterly,baseline,T3,M30,2023-08,Si,2020-01-01,true,false,AVAILABLE,9,3.77476522978,true,false,false
v2,quarterly,baseline,T3,M30,2023-08,CNY,2022-04-21,true,false,AVAILABLE,10,0.670115945246,true,false,false
v2,quarterly,baseline,T3,M30,2023-08,GD,2020-01-01,true,false,AVAILABLE,5,-2.756940765,false,true,false
v2,quarterly,baseline,T3,M30,2023-08,BR,2020-01-01,true,false,AVAILABLE,6,-0.402444105096,false,true,false
v2,quarterly,baseline,T3,M30,2023-08,MIX,2020-01-01,true,false,AVAILABLE,7,3.13200585581,true,false,false
v2,quarterly,baseline,T3,M30,2023-08,NG,2020-02-03,true,false,AVAILABLE,5,0.938060352617,true,false,false
v2,quarterly,baseline,T3,M30,2023-09,Si,2020-01-01,true,false,AVAILABLE,2,1.26263921563,true,false,false
v2,quarterly,baseline,T3,M30,2023-09,CNY,2022-04-21,true,false,AVAILABLE,3,1.54458832016,true,false,false
v2,quarterly,baseline,T3,M30,2023-09,GD,2020-01-01,true,false,AVAILABLE,6,4.15445434015,true,false,false
v2,quarterly,baseline,T3,M30,2023-09,BR,2020-01-01,true,false,AVAILABLE,10,-7.46408023867,false,true,false
v2,quarterly,baseline,T3,M30,2023-09,MIX,2020-01-01,true,false,AVAILABLE,7,-2.16883266444,false,true,false
v2,quarterly,baseline,T3,M30,2023-09,NG,2020-02-03,true,false,AVAILABLE,2,-0.981113760284,false,true,false
v2,quarterly,baseline,T3,M30,2023-10,Si,2020-01-01,true,false,AVAILABLE,8,11.060344182,true,false,false
v2,quarterly,baseline,T3,M30,2023-10,CNY,2022-04-21,true,false,AVAILABLE,8,7.59182701013,true,false,false
v2,quarterly,baseline,T3,M30,2023-10,GD,2020-01-01,true,false,AVAILABLE,4,6.08845519165,true,false,false
v2,quarterly,baseline,T3,M30,2023-10,BR,2020-01-01,true,false,AVAILABLE,7,3.69556662159,true,false,false
v2,quarterly,baseline,T3,M30,2023-10,MIX,2020-01-01,true,false,AVAILABLE,2,1.1297862252,true,false,false
v2,quarterly,baseline,T3,M30,2023-10,NG,2020-02-03,true,false,AVAILABLE,6,1.24034870579,true,false,false
v2,quarterly,baseline,T3,M30,2023-11,Si,2020-01-01,true,false,AVAILABLE,4,4.1567771915,true,false,false
v2,quarterly,baseline,T3,M30,2023-11,CNY,2022-04-21,true,false,AVAILABLE,5,1.01868988703,true,false,false
v2,quarterly,baseline,T3,M30,2023-11,GD,2020-01-01,true,false,AVAILABLE,5,-0.658368467542,false,true,false
v2,quarterly,baseline,T3,M30,2023-11,BR,2020-01-01,true,false,AVAILABLE,2,2.66864988341,true,false,false
v2,quarterly,baseline,T3,M30,2023-11,MIX,2020-01-01,true,false,AVAILABLE,3,1.03833031954,true,false,false
v2,quarterly,baseline,T3,M30,2023-11,NG,2020-02-03,true,false,AVAILABLE,6,-2.29338215363,false,true,false
v2,quarterly,baseline,T3,M30,2023-12,Si,2020-01-01,true,false,AVAILABLE,5,1.74224953876,true,false,false
v2,quarterly,baseline,T3,M30,2023-12,CNY,2022-04-21,true,false,AVAILABLE,3,4.82876344568,true,false,false
v2,quarterly,baseline,T3,M30,2023-12,GD,2020-01-01,true,false,AVAILABLE,7,-1.7767936507,false,true,false
v2,quarterly,baseline,T3,M30,2023-12,BR,2020-01-01,true,false,AVAILABLE,2,2.8108184144,true,false,false
v2,quarterly,baseline,T3,M30,2023-12,MIX,2020-01-01,true,false,AVAILABLE,4,3.1456180035,true,false,false
v2,quarterly,baseline,T3,M30,2023-12,NG,2020-02-03,true,false,AVAILABLE,6,2.01161514148,true,false,false
v2,quarterly,baseline,T3,M30,2024-01,Si,2020-01-01,true,false,AVAILABLE,2,3.68216271949,true,false,false
v2,quarterly,baseline,T3,M30,2024-01,CNY,2022-04-21,true,false,AVAILABLE,3,-0.118146645894,false,true,false
v2,quarterly,baseline,T3,M30,2024-01,GD,2020-01-01,true,false,AVAILABLE,4,-2.12811698855,false,true,false
v2,quarterly,baseline,T3,M30,2024-01,BR,2020-01-01,true,false,AVAILABLE,5,-3.32696332167,false,true,false
v2,quarterly,baseline,T3,M30,2024-01,MIX,2020-01-01,true,false,AVAILABLE,6,-2.51901011035,false,true,false
v2,quarterly,baseline,T3,M30,2024-01,NG,2020-02-03,true,false,AVAILABLE,7,3.35607664749,true,false,false
v2,quarterly,baseline,T3,M30,2024-02,Si,2020-01-01,true,false,AVAILABLE,7,-2.08616022778,false,true,false
v2,quarterly,baseline,T3,M30,2024-02,CNY,2022-04-21,true,false,AVAILABLE,6,-5.08742205694,false,true,false
v2,quarterly,baseline,T3,M30,2024-02,GD,2020-01-01,true,false,AVAILABLE,3,0.000410932981,true,false,false
v2,quarterly,baseline,T3,M30,2024-02,BR,2020-01-01,true,false,AVAILABLE,5,-0.880930554294,false,true,false
v2,quarterly,baseline,T3,M30,2024-02,MIX,2020-01-01,true,false,AVAILABLE,4,3.35453129255,true,false,false
v2,quarterly,baseline,T3,M30,2024-02,NG,2020-02-03,true,false,AVAILABLE,7,0.951720550692,true,false,false
v2,quarterly,baseline,T3,M30,2024-03,Si,2020-01-01,true,false,NO_TRADES,0,0,false,false,true
v2,quarterly,baseline,T3,M30,2024-03,CNY,2022-04-21,true,false,AVAILABLE,2,-0.392946167939,false,true,false
v2,quarterly,baseline,T3,M30,2024-03,GD,2020-01-01,true,false,AVAILABLE,7,15.5247749628,true,false,false
v2,quarterly,baseline,T3,M30,2024-03,BR,2020-01-01,true,false,AVAILABLE,3,-2.25206246507,false,true,false
v2,quarterly,baseline,T3,M30,2024-03,MIX,2020-01-01,true,false,AVAILABLE,7,-1.86469885002,false,true,false
v2,quarterly,baseline,T3,M30,2024-03,NG,2020-02-03,true,false,AVAILABLE,6,0.323812906538,true,false,false
v2,quarterly,baseline,T3,M30,2024-04,Si,2020-01-01,true,false,AVAILABLE,8,-2.38809173208,false,true,false
v2,quarterly,baseline,T3,M30,2024-04,CNY,2022-04-21,true,false,AVAILABLE,7,-0.049914044306,false,true,false
v2,quarterly,baseline,T3,M30,2024-04,GD,2020-01-01,true,false,AVAILABLE,9,8.39433501401,true,false,false
v2,quarterly,baseline,T3,M30,2024-04,BR,2020-01-01,true,false,AVAILABLE,6,0.00675747077,true,false,false
v2,quarterly,baseline,T3,M30,2024-04,MIX,2020-01-01,true,false,AVAILABLE,9,-4.65153680825,false,true,false
v2,quarterly,baseline,T3,M30,2024-04,NG,2020-02-03,true,false,AVAILABLE,9,-0.51729676841,false,true,false
v2,quarterly,baseline,T3,M30,2024-05,Si,2020-01-01,true,false,AVAILABLE,5,-0.680569788107,false,true,false
v2,quarterly,baseline,T3,M30,2024-05,CNY,2022-04-21,true,false,AVAILABLE,4,-1.15791982328,false,true,false
v2,quarterly,baseline,T3,M30,2024-05,GD,2020-01-01,true,false,AVAILABLE,5,-0.505847328737,false,true,false
v2,quarterly,baseline,T3,M30,2024-05,BR,2020-01-01,true,false,AVAILABLE,6,-0.34483460147,false,true,false
v2,quarterly,baseline,T3,M30,2024-05,MIX,2020-01-01,true,false,AVAILABLE,10,-1.74586353142,false,true,false
v2,quarterly,baseline,T3,M30,2024-05,NG,2020-02-03,true,false,AVAILABLE,8,10.0368129398,true,false,false
v2,quarterly,baseline,T3,M30,2024-06,Si,2020-01-01,true,false,AVAILABLE,5,6.39725436112,true,false,false
v2,quarterly,baseline,T3,M30,2024-06,CNY,2022-04-21,true,false,AVAILABLE,7,3.48313365342,true,false,false
v2,quarterly,baseline,T3,M30,2024-06,GD,2020-01-01,true,false,AVAILABLE,4,-1.51090912095,false,true,false
v2,quarterly,baseline,T3,M30,2024-06,BR,2020-01-01,true,false,AVAILABLE,7,-1.61782004007,false,true,false
v2,quarterly,baseline,T3,M30,2024-06,MIX,2020-01-01,true,false,AVAILABLE,3,5.64779730754,true,false,false
v2,quarterly,baseline,T3,M30,2024-06,NG,2020-02-03,true,false,AVAILABLE,6,-2.42180177961,false,true,false
v2,quarterly,baseline,T3,M30,2024-07,Si,2020-01-01,true,false,AVAILABLE,2,1.23972041446,true,false,false
v2,quarterly,baseline,T3,M30,2024-07,CNY,2022-04-21,true,false,AVAILABLE,2,1.26875563369,true,false,false
v2,quarterly,baseline,T3,M30,2024-07,GD,2020-01-01,true,false,AVAILABLE,10,-4.43032078608,false,true,false
v2,quarterly,baseline,T3,M30,2024-07,BR,2020-01-01,true,false,AVAILABLE,8,-2.63963508911,false,true,false
v2,quarterly,baseline,T3,M30,2024-07,MIX,2020-01-01,true,false,AVAILABLE,8,6.13079321744,true,false,false
v2,quarterly,baseline,T3,M30,2024-07,NG,2020-02-03,true,false,AVAILABLE,8,4.48431325099,true,false,false
v2,quarterly,baseline,T3,M30,2024-08,Si,2020-01-01,true,false,AVAILABLE,6,-0.817332726888,false,true,false
v2,quarterly,baseline,T3,M30,2024-08,CNY,2022-04-21,true,false,AVAILABLE,5,0.720288139115,true,false,false
v2,quarterly,baseline,T3,M30,2024-08,GD,2020-01-01,true,false,AVAILABLE,7,-0.946746948425,false,true,false
v2,quarterly,baseline,T3,M30,2024-08,BR,2020-01-01,true,false,AVAILABLE,6,0.800117348651,true,false,false
v2,quarterly,baseline,T3,M30,2024-08,MIX,2020-01-01,true,false,AVAILABLE,8,0.31335427742,true,false,false
v2,quarterly,baseline,T3,M30,2024-08,NG,2020-02-03,true,false,AVAILABLE,5,-2.0745548491,false,true,false
v2,quarterly,baseline,T3,M30,2024-09,Si,2020-01-01,true,false,AVAILABLE,3,6.6666028331,true,false,false
v2,quarterly,baseline,T3,M30,2024-09,CNY,2022-04-21,true,false,AVAILABLE,8,1.30582962984,true,false,false
v2,quarterly,baseline,T3,M30,2024-09,GD,2020-01-01,true,false,AVAILABLE,6,-0.988590079081,false,true,false
v2,quarterly,baseline,T3,M30,2024-09,BR,2020-01-01,true,false,AVAILABLE,8,-5.34267519983,false,true,false
v2,quarterly,baseline,T3,M30,2024-09,MIX,2020-01-01,true,false,AVAILABLE,4,3.1519932448,true,false,false
v2,quarterly,baseline,T3,M30,2024-09,NG,2020-02-03,true,false,AVAILABLE,5,2.6762278004,true,false,false
v2,quarterly,baseline,T3,M30,2024-10,Si,2020-01-01,true,false,AVAILABLE,8,2.37344942907,true,false,false
v2,quarterly,baseline,T3,M30,2024-10,CNY,2022-04-21,true,false,AVAILABLE,4,-0.146470154174,false,true,false
v2,quarterly,baseline,T3,M30,2024-10,GD,2020-01-01,true,false,AVAILABLE,4,0.819524892774,true,false,false
v2,quarterly,baseline,T3,M30,2024-10,BR,2020-01-01,true,false,AVAILABLE,6,-1.34108677206,false,true,false
v2,quarterly,baseline,T3,M30,2024-10,MIX,2020-01-01,true,false,AVAILABLE,8,0.403884985519,true,false,false
v2,quarterly,baseline,T3,M30,2024-10,NG,2020-02-03,true,false,AVAILABLE,6,-1.26595658117,false,true,false
v2,quarterly,baseline,T3,M30,2024-11,Si,2020-01-01,true,false,AVAILABLE,7,5.97884779193,true,false,false
v2,quarterly,baseline,T3,M30,2024-11,CNY,2022-04-21,true,false,AVAILABLE,6,8.9317711883,true,false,false
v2,quarterly,baseline,T3,M30,2024-11,GD,2020-01-01,true,false,AVAILABLE,7,-1.8442249756,false,true,false
v2,quarterly,baseline,T3,M30,2024-11,BR,2020-01-01,true,false,AVAILABLE,2,-1.54765385531,false,true,false
v2,quarterly,baseline,T3,M30,2024-11,MIX,2020-01-01,true,false,AVAILABLE,9,1.74778770027,true,false,false
v2,quarterly,baseline,T3,M30,2024-11,NG,2020-02-03,true,false,AVAILABLE,6,0.242377874166,true,false,false
v2,quarterly,baseline,T3,M30,2024-12,Si,2020-01-01,true,false,AVAILABLE,3,0.595731590857,true,false,false
v2,quarterly,baseline,T3,M30,2024-12,CNY,2022-04-21,true,false,AVAILABLE,4,-0.19210070623,false,true,false
v2,quarterly,baseline,T3,M30,2024-12,GD,2020-01-01,true,false,AVAILABLE,6,-3.25570457738,false,true,false
v2,quarterly,baseline,T3,M30,2024-12,BR,2020-01-01,true,false,AVAILABLE,3,-0.987989735893,false,true,false
v2,quarterly,baseline,T3,M30,2024-12,MIX,2020-01-01,true,false,AVAILABLE,4,-0.24965365729,false,true,false
v2,quarterly,baseline,T3,M30,2024-12,NG,2020-02-03,true,false,AVAILABLE,5,6.17311318799,true,false,false
v2,quarterly,baseline,T3,H1,2020-02,Si,2020-01-01,true,false,AVAILABLE,1,0.273104397486,true,false,false
v2,quarterly,baseline,T3,H1,2020-02,CNY,2022-04-21,false,false,NOT_YET_AVAILABLE,0,0,false,false,false
v2,quarterly,baseline,T3,H1,2020-02,GD,2020-01-01,true,false,AVAILABLE,1,-1.00026390849,false,true,false
v2,quarterly,baseline,T3,H1,2020-02,BR,2020-01-01,true,false,AVAILABLE,2,1.6911021863,true,false,false
v2,quarterly,baseline,T3,H1,2020-02,MIX,2020-01-01,true,false,NO_TRADES,0,0,false,false,true
v2,quarterly,baseline,T3,H1,2020-02,NG,2020-02-03,true,true,NO_TRADES,0,0,false,false,true
v2,quarterly,baseline,T3,H1,2020-03,Si,2020-01-01,true,false,AVAILABLE,6,13.2099966517,true,false,false
v2,quarterly,baseline,T3,H1,2020-03,CNY,2022-04-21,false,false,NOT_YET_AVAILABLE,0,0,false,false,false
v2,quarterly,baseline,T3,H1,2020-03,GD,2020-01-01,true,false,AVAILABLE,2,2.83038511901,true,false,false
v2,quarterly,baseline,T3,H1,2020-03,BR,2020-01-01,true,false,AVAILABLE,5,13.4043505433,true,false,false
v2,quarterly,baseline,T3,H1,2020-03,MIX,2020-01-01,true,false,AVAILABLE,7,1.75274215005,true,false,false
v2,quarterly,baseline,T3,H1,2020-03,NG,2020-02-03,true,false,NO_TRADES,0,0,false,false,true
v2,quarterly,baseline,T3,H1,2020-04,Si,2020-01-01,true,false,AVAILABLE,1,-1.00000253179,false,true,false
v2,quarterly,baseline,T3,H1,2020-04,CNY,2022-04-21,false,false,NOT_YET_AVAILABLE,0,0,false,false,false
v2,quarterly,baseline,T3,H1,2020-04,GD,2020-01-01,true,false,AVAILABLE,1,-0.628153483194,false,true,false
v2,quarterly,baseline,T3,H1,2020-04,BR,2020-01-01,true,false,AVAILABLE,2,-0.007132324404,false,true,false
v2,quarterly,baseline,T3,H1,2020-04,MIX,2020-01-01,true,false,NO_TRADES,0,0,false,false,true
v2,quarterly,baseline,T3,H1,2020-04,NG,2020-02-03,true,false,AVAILABLE,3,-1.95228112009,false,true,false
v2,quarterly,baseline,T3,H1,2020-05,Si,2020-01-01,true,false,NO_TRADES,0,0,false,false,true
v2,quarterly,baseline,T3,H1,2020-05,CNY,2022-04-21,false,false,NOT_YET_AVAILABLE,0,0,false,false,false
v2,quarterly,baseline,T3,H1,2020-05,GD,2020-01-01,true,false,NO_TRADES,0,0,false,false,true
v2,quarterly,baseline,T3,H1,2020-05,BR,2020-01-01,true,false,NO_TRADES,0,0,false,false,true
v2,quarterly,baseline,T3,H1,2020-05,MIX,2020-01-01,true,false,AVAILABLE,1,-1.00000085511,false,true,false
v2,quarterly,baseline,T3,H1,2020-05,NG,2020-02-03,true,false,NO_TRADES,0,0,false,false,true
v2,quarterly,baseline,T3,H1,2020-06,Si,2020-01-01,true,false,AVAILABLE,2,-1.27790803852,false,true,false
v2,quarterly,baseline,T3,H1,2020-06,CNY,2022-04-21,false,false,NOT_YET_AVAILABLE,0,0,false,false,false
v2,quarterly,baseline,T3,H1,2020-06,GD,2020-01-01,true,false,AVAILABLE,1,-0.309811135081,false,true,false
v2,quarterly,baseline,T3,H1,2020-06,BR,2020-01-01,true,false,AVAILABLE,1,1.63282302312,true,false,false
v2,quarterly,baseline,T3,H1,2020-06,MIX,2020-01-01,true,false,AVAILABLE,1,-0.589219918932,false,true,false
v2,quarterly,baseline,T3,H1,2020-06,NG,2020-02-03,true,false,NO_TRADES,0,0,false,false,true
v2,quarterly,baseline,T3,H1,2020-07,Si,2020-01-01,true,false,AVAILABLE,2,-1.29196274101,false,true,false
v2,quarterly,baseline,T3,H1,2020-07,CNY,2022-04-21,false,false,NOT_YET_AVAILABLE,0,0,false,false,false
v2,quarterly,baseline,T3,H1,2020-07,GD,2020-01-01,true,false,AVAILABLE,2,4.52111974417,true,false,false
v2,quarterly,baseline,T3,H1,2020-07,BR,2020-01-01,true,false,NO_TRADES,0,0,false,false,true
v2,quarterly,baseline,T3,H1,2020-07,MIX,2020-01-01,true,false,AVAILABLE,1,-0.88572910261,false,true,false
v2,quarterly,baseline,T3,H1,2020-07,NG,2020-02-03,true,false,AVAILABLE,1,-1.00814893171,false,true,false
v2,quarterly,baseline,T3,H1,2020-08,Si,2020-01-01,true,false,AVAILABLE,2,1.50404866498,true,false,false
v2,quarterly,baseline,T3,H1,2020-08,CNY,2022-04-21,false,false,NOT_YET_AVAILABLE,0,0,false,false,false
v2,quarterly,baseline,T3,H1,2020-08,GD,2020-01-01,true,false,AVAILABLE,3,3.70429011356,true,false,false
v2,quarterly,baseline,T3,H1,2020-08,BR,2020-01-01,true,false,NO_TRADES,0,0,false,false,true
v2,quarterly,baseline,T3,H1,2020-08,MIX,2020-01-01,true,false,AVAILABLE,4,-0.354861495305,false,true,false
v2,quarterly,baseline,T3,H1,2020-08,NG,2020-02-03,true,false,AVAILABLE,1,0.351856633251,true,false,false
v2,quarterly,baseline,T3,H1,2020-09,Si,2020-01-01,true,false,AVAILABLE,3,4.18297351082,true,false,false
v2,quarterly,baseline,T3,H1,2020-09,CNY,2022-04-21,false,false,NOT_YET_AVAILABLE,0,0,false,false,false
v2,quarterly,baseline,T3,H1,2020-09,GD,2020-01-01,true,false,AVAILABLE,1,0.0785704474767,true,false,false
v2,quarterly,baseline,T3,H1,2020-09,BR,2020-01-01,true,false,AVAILABLE,4,2.65714461341,true,false,false
v2,quarterly,baseline,T3,H1,2020-09,MIX,2020-01-01,true,false,AVAILABLE,2,-0.678182503898,false,true,false
v2,quarterly,baseline,T3,H1,2020-09,NG,2020-02-03,true,false,AVAILABLE,4,-0.382115885172,false,true,false
v2,quarterly,baseline,T3,H1,2020-10,Si,2020-01-01,true,false,AVAILABLE,3,-2.02227551582,false,true,false
v2,quarterly,baseline,T3,H1,2020-10,CNY,2022-04-21,false,false,NOT_YET_AVAILABLE,0,0,false,false,false
v2,quarterly,baseline,T3,H1,2020-10,GD,2020-01-01,true,false,NO_TRADES,0,0,false,false,true
v2,quarterly,baseline,T3,H1,2020-10,BR,2020-01-01,true,false,AVAILABLE,2,0.91734656411,true,false,false
v2,quarterly,baseline,T3,H1,2020-10,MIX,2020-01-01,true,false,AVAILABLE,3,-2.79426824534,false,true,false
v2,quarterly,baseline,T3,H1,2020-10,NG,2020-02-03,true,false,NO_TRADES,0,0,false,false,true
v2,quarterly,baseline,T3,H1,2020-11,Si,2020-01-01,true,false,AVAILABLE,2,-0.7764182397,false,true,false
v2,quarterly,baseline,T3,H1,2020-11,CNY,2022-04-21,false,false,NOT_YET_AVAILABLE,0,0,false,false,false
v2,quarterly,baseline,T3,H1,2020-11,GD,2020-01-01,true,false,AVAILABLE,4,-3.34215410113,false,true,false
v2,quarterly,baseline,T3,H1,2020-11,BR,2020-01-01,true,false,AVAILABLE,1,0.474307930421,true,false,false
v2,quarterly,baseline,T3,H1,2020-11,MIX,2020-01-01,true,false,AVAILABLE,2,1.96960319433,true,false,false
v2,quarterly,baseline,T3,H1,2020-11,NG,2020-02-03,true,false,AVAILABLE,1,0.154131531627,true,false,false
v2,quarterly,baseline,T3,H1,2020-12,Si,2020-01-01,true,false,AVAILABLE,4,0.668207586546,true,false,false
v2,quarterly,baseline,T3,H1,2020-12,CNY,2022-04-21,false,false,NOT_YET_AVAILABLE,0,0,false,false,false
v2,quarterly,baseline,T3,H1,2020-12,GD,2020-01-01,true,false,NO_TRADES,0,0,false,false,true
v2,quarterly,baseline,T3,H1,2020-12,BR,2020-01-01,true,false,AVAILABLE,1,0.281637060039,true,false,false
v2,quarterly,baseline,T3,H1,2020-12,MIX,2020-01-01,true,false,AVAILABLE,6,-0.876221401134,false,true,false
v2,quarterly,baseline,T3,H1,2020-12,NG,2020-02-03,true,false,AVAILABLE,3,-2.20052007722,false,true,false
v2,quarterly,baseline,T3,H1,2021-01,Si,2020-01-01,true,false,AVAILABLE,1,-0.0902344394145,false,true,false
v2,quarterly,baseline,T3,H1,2021-01,CNY,2022-04-21,false,false,NOT_YET_AVAILABLE,0,0,false,false,false
v2,quarterly,baseline,T3,H1,2021-01,GD,2020-01-01,true,false,AVAILABLE,1,-0.428040112642,false,true,false
v2,quarterly,baseline,T3,H1,2021-01,BR,2020-01-01,true,false,AVAILABLE,2,0.894023355949,true,false,false
v2,quarterly,baseline,T3,H1,2021-01,MIX,2020-01-01,true,false,AVAILABLE,4,-2.5703285379,false,true,false
v2,quarterly,baseline,T3,H1,2021-01,NG,2020-02-03,true,false,NO_TRADES,0,0,false,false,true
v2,quarterly,baseline,T3,H1,2021-02,Si,2020-01-01,true,false,NO_TRADES,0,0,false,false,true
v2,quarterly,baseline,T3,H1,2021-02,CNY,2022-04-21,false,false,NOT_YET_AVAILABLE,0,0,false,false,false
v2,quarterly,baseline,T3,H1,2021-02,GD,2020-01-01,true,false,AVAILABLE,2,-0.533803616555,false,true,false
v2,quarterly,baseline,T3,H1,2021-02,BR,2020-01-01,true,false,AVAILABLE,4,1.51102159032,true,false,false
v2,quarterly,baseline,T3,H1,2021-02,MIX,2020-01-01,true,false,AVAILABLE,1,-1.00000092687,false,true,false
v2,quarterly,baseline,T3,H1,2021-02,NG,2020-02-03,true,false,AVAILABLE,1,-0.737590878098,false,true,false
v2,quarterly,baseline,T3,H1,2021-03,Si,2020-01-01,true,false,AVAILABLE,2,1.54429793307,true,false,false
v2,quarterly,baseline,T3,H1,2021-03,CNY,2022-04-21,false,false,NOT_YET_AVAILABLE,0,0,false,false,false
v2,quarterly,baseline,T3,H1,2021-03,GD,2020-01-01,true,false,AVAILABLE,3,1.28902058344,true,false,false
v2,quarterly,baseline,T3,H1,2021-03,BR,2020-01-01,true,false,AVAILABLE,6,-0.0518782964452,false,true,false
v2,quarterly,baseline,T3,H1,2021-03,MIX,2020-01-01,true,false,NO_TRADES,0,0,false,false,true
v2,quarterly,baseline,T3,H1,2021-03,NG,2020-02-03,true,false,AVAILABLE,2,-0.866607242476,false,true,false
v2,quarterly,baseline,T3,H1,2021-04,Si,2020-01-01,true,false,AVAILABLE,2,-0.95883144354,false,true,false
v2,quarterly,baseline,T3,H1,2021-04,CNY,2022-04-21,false,false,NOT_YET_AVAILABLE,0,0,false,false,false
v2,quarterly,baseline,T3,H1,2021-04,GD,2020-01-01,true,false,AVAILABLE,3,-1.7179099279,false,true,false
v2,quarterly,baseline,T3,H1,2021-04,BR,2020-01-01,true,false,AVAILABLE,1,-0.995692486129,false,true,false
v2,quarterly,baseline,T3,H1,2021-04,MIX,2020-01-01,true,false,NO_TRADES,0,0,false,false,true
v2,quarterly,baseline,T3,H1,2021-04,NG,2020-02-03,true,false,AVAILABLE,4,4.39411488913,true,false,false
v2,quarterly,baseline,T3,H1,2021-05,Si,2020-01-01,true,false,AVAILABLE,2,-1.36683482883,false,true,false
v2,quarterly,baseline,T3,H1,2021-05,CNY,2022-04-21,false,false,NOT_YET_AVAILABLE,0,0,false,false,false
v2,quarterly,baseline,T3,H1,2021-05,GD,2020-01-01,true,false,AVAILABLE,3,6.19893968452,true,false,false
v2,quarterly,baseline,T3,H1,2021-05,BR,2020-01-01,true,false,AVAILABLE,1,-0.371185280387,false,true,false
v2,quarterly,baseline,T3,H1,2021-05,MIX,2020-01-01,true,false,AVAILABLE,3,-0.81944986067,false,true,false
v2,quarterly,baseline,T3,H1,2021-05,NG,2020-02-03,true,false,AVAILABLE,2,0.9624902405,true,false,false
v2,quarterly,baseline,T3,H1,2021-06,Si,2020-01-01,true,false,AVAILABLE,4,0.089297667634,true,false,false
v2,quarterly,baseline,T3,H1,2021-06,CNY,2022-04-21,false,false,NOT_YET_AVAILABLE,0,0,false,false,false
v2,quarterly,baseline,T3,H1,2021-06,GD,2020-01-01,true,false,AVAILABLE,2,0.91554764448,true,false,false
v2,quarterly,baseline,T3,H1,2021-06,BR,2020-01-01,true,false,AVAILABLE,3,-0.065346171612,false,true,false
v2,quarterly,baseline,T3,H1,2021-06,MIX,2020-01-01,true,false,AVAILABLE,4,-0.006367701035,false,true,false
v2,quarterly,baseline,T3,H1,2021-06,NG,2020-02-03,true,false,AVAILABLE,2,2.36487608067,true,false,false
v2,quarterly,baseline,T3,H1,2021-07,Si,2020-01-01,true,false,AVAILABLE,3,1.62930770664,true,false,false
v2,quarterly,baseline,T3,H1,2021-07,CNY,2022-04-21,false,false,NOT_YET_AVAILABLE,0,0,false,false,false
v2,quarterly,baseline,T3,H1,2021-07,GD,2020-01-01,true,false,AVAILABLE,1,-1.00028389395,false,true,false
v2,quarterly,baseline,T3,H1,2021-07,BR,2020-01-01,true,false,AVAILABLE,3,2.85225994983,true,false,false
v2,quarterly,baseline,T3,H1,2021-07,MIX,2020-01-01,true,false,AVAILABLE,3,4.04847545986,true,false,false
v2,quarterly,baseline,T3,H1,2021-07,NG,2020-02-03,true,false,AVAILABLE,7,-2.07950074554,false,true,false
v2,quarterly,baseline,T3,H1,2021-08,Si,2020-01-01,true,false,AVAILABLE,1,-1.00000903506,false,true,false
v2,quarterly,baseline,T3,H1,2021-08,CNY,2022-04-21,false,false,NOT_YET_AVAILABLE,0,0,false,false,false
v2,quarterly,baseline,T3,H1,2021-08,GD,2020-01-01,true,false,AVAILABLE,1,-0.15000358331,false,true,false
v2,quarterly,baseline,T3,H1,2021-08,BR,2020-01-01,true,false,AVAILABLE,4,0.589757709221,true,false,false
v2,quarterly,baseline,T3,H1,2021-08,MIX,2020-01-01,true,false,AVAILABLE,2,-2.00000284956,false,true,false
v2,quarterly,baseline,T3,H1,2021-08,NG,2020-02-03,true,false,AVAILABLE,3,1.36735061341,true,false,false
v2,quarterly,baseline,T3,H1,2021-09,Si,2020-01-01,true,false,AVAILABLE,4,-0.252542323755,false,true,false
v2,quarterly,baseline,T3,H1,2021-09,CNY,2022-04-21,false,false,NOT_YET_AVAILABLE,0,0,false,false,false
v2,quarterly,baseline,T3,H1,2021-09,GD,2020-01-01,true,false,AVAILABLE,3,-2.17806467859,false,true,false
v2,quarterly,baseline,T3,H1,2021-09,BR,2020-01-01,true,false,NO_TRADES,0,0,false,false,true
v2,quarterly,baseline,T3,H1,2021-09,MIX,2020-01-01,true,false,AVAILABLE,4,2.11465284888,true,false,false
v2,quarterly,baseline,T3,H1,2021-09,NG,2020-02-03,true,false,AVAILABLE,4,6.22712128949,true,false,false
v2,quarterly,baseline,T3,H1,2021-10,Si,2020-01-01,true,false,AVAILABLE,4,-0.964212812283,false,true,false
v2,quarterly,baseline,T3,H1,2021-10,CNY,2022-04-21,false,false,NOT_YET_AVAILABLE,0,0,false,false,false
v2,quarterly,baseline,T3,H1,2021-10,GD,2020-01-01,true,false,AVAILABLE,2,-1.26896313297,false,true,false
v2,quarterly,baseline,T3,H1,2021-10,BR,2020-01-01,true,false,AVAILABLE,2,0.116336323599,true,false,false
v2,quarterly,baseline,T3,H1,2021-10,MIX,2020-01-01,true,false,AVAILABLE,3,-1.26089077302,false,true,false
v2,quarterly,baseline,T3,H1,2021-10,NG,2020-02-03,true,false,AVAILABLE,4,-3.70825971601,false,true,false
v2,quarterly,baseline,T3,H1,2021-11,Si,2020-01-01,true,false,AVAILABLE,4,1.66801783403,true,false,false
v2,quarterly,baseline,T3,H1,2021-11,CNY,2022-04-21,false,false,NOT_YET_AVAILABLE,0,0,false,false,false
v2,quarterly,baseline,T3,H1,2021-11,GD,2020-01-01,true,false,AVAILABLE,3,-1.43800034533,false,true,false
v2,quarterly,baseline,T3,H1,2021-11,BR,2020-01-01,true,false,AVAILABLE,6,-2.22849915414,false,true,false
v2,quarterly,baseline,T3,H1,2021-11,MIX,2020-01-01,true,false,AVAILABLE,5,1.72506182109,true,false,false
v2,quarterly,baseline,T3,H1,2021-11,NG,2020-02-03,true,false,AVAILABLE,2,-0.510935581033,false,true,false
v2,quarterly,baseline,T3,H1,2021-12,Si,2020-01-01,true,false,AVAILABLE,1,-0.887776936765,false,true,false
v2,quarterly,baseline,T3,H1,2021-12,CNY,2022-04-21,false,false,NOT_YET_AVAILABLE,0,0,false,false,false
v2,quarterly,baseline,T3,H1,2021-12,GD,2020-01-01,true,false,AVAILABLE,1,-0.536574216476,false,true,false
v2,quarterly,baseline,T3,H1,2021-12,BR,2020-01-01,true,false,AVAILABLE,2,0.379466124081,true,false,false
v2,quarterly,baseline,T3,H1,2021-12,MIX,2020-01-01,true,false,AVAILABLE,2,0.005372424095,true,false,false
v2,quarterly,baseline,T3,H1,2021-12,NG,2020-02-03,true,false,AVAILABLE,3,-0.463290409198,false,true,false
v2,quarterly,baseline,T3,H1,2022-01,Si,2020-01-01,true,false,AVAILABLE,5,-1.27603953411,false,true,false
v2,quarterly,baseline,T3,H1,2022-01,CNY,2022-04-21,false,false,NOT_YET_AVAILABLE,0,0,false,false,false
v2,quarterly,baseline,T3,H1,2022-01,GD,2020-01-01,true,false,AVAILABLE,1,-0.0267691727757,false,true,false
v2,quarterly,baseline,T3,H1,2022-01,BR,2020-01-01,true,false,AVAILABLE,6,-0.593431985583,false,true,false
v2,quarterly,baseline,T3,H1,2022-01,MIX,2020-01-01,true,false,AVAILABLE,5,1.72829648468,true,false,false
v2,quarterly,baseline,T3,H1,2022-01,NG,2020-02-03,true,false,AVAILABLE,3,4.2206611204,true,false,false
v2,quarterly,baseline,T3,H1,2022-02,Si,2020-01-01,true,false,AVAILABLE,4,4.21990408662,true,false,false
v2,quarterly,baseline,T3,H1,2022-02,CNY,2022-04-21,false,false,NOT_YET_AVAILABLE,0,0,false,false,false
v2,quarterly,baseline,T3,H1,2022-02,GD,2020-01-01,true,false,AVAILABLE,3,5.24921220568,true,false,false
v2,quarterly,baseline,T3,H1,2022-02,BR,2020-01-01,true,false,AVAILABLE,4,-2.44123680258,false,true,false
v2,quarterly,baseline,T3,H1,2022-02,MIX,2020-01-01,true,false,AVAILABLE,5,3.99303653947,true,false,false
v2,quarterly,baseline,T3,H1,2022-02,NG,2020-02-03,true,false,AVAILABLE,3,0.337284453482,true,false,false
v2,quarterly,baseline,T3,H1,2022-03,Si,2020-01-01,true,false,AVAILABLE,2,-0.206124444383,false,true,false
v2,quarterly,baseline,T3,H1,2022-03,CNY,2022-04-21,false,false,NOT_YET_AVAILABLE,0,0,false,false,false
v2,quarterly,baseline,T3,H1,2022-03,GD,2020-01-01,true,false,AVAILABLE,2,1.79688132005,true,false,false
v2,quarterly,baseline,T3,H1,2022-03,BR,2020-01-01,true,false,AVAILABLE,3,-3.00256171211,false,true,false
v2,quarterly,baseline,T3,H1,2022-03,MIX,2020-01-01,true,false,NO_TRADES,0,0,false,false,true
v2,quarterly,baseline,T3,H1,2022-03,NG,2020-02-03,true,false,NO_TRADES,0,0,false,false,true
v2,quarterly,baseline,T3,H1,2022-04,Si,2020-01-01,true,false,NO_TRADES,0,0,false,false,true
v2,quarterly,baseline,T3,H1,2022-04,CNY,2022-04-21,true,true,NO_TRADES,0,0,false,false,true
v2,quarterly,baseline,T3,H1,2022-04,GD,2020-01-01,true,false,AVAILABLE,1,0.970532778791,true,false,false
v2,quarterly,baseline,T3,H1,2022-04,BR,2020-01-01,true,false,NO_TRADES,0,0,false,false,true
v2,quarterly,baseline,T3,H1,2022-04,MIX,2020-01-01,true,false,NO_TRADES,0,0,false,false,true
v2,quarterly,baseline,T3,H1,2022-04,NG,2020-02-03,true,false,AVAILABLE,4,0.838094706256,true,false,false
v2,quarterly,baseline,T3,H1,2022-05,Si,2020-01-01,true,false,AVAILABLE,1,-0.0942687460896,false,true,false
v2,quarterly,baseline,T3,H1,2022-05,CNY,2022-04-21,true,false,NO_TRADES,0,0,false,false,true
v2,quarterly,baseline,T3,H1,2022-05,GD,2020-01-01,true,false,AVAILABLE,1,1.07229758836,true,false,false
v2,quarterly,baseline,T3,H1,2022-05,BR,2020-01-01,true,false,NO_TRADES,0,0,false,false,true
v2,quarterly,baseline,T3,H1,2022-05,MIX,2020-01-01,true,false,NO_TRADES,0,0,false,false,true
v2,quarterly,baseline,T3,H1,2022-05,NG,2020-02-03,true,false,AVAILABLE,2,0.68985948092,true,false,false
v2,quarterly,baseline,T3,H1,2022-06,Si,2020-01-01,true,false,NO_TRADES,0,0,false,false,true
v2,quarterly,baseline,T3,H1,2022-06,CNY,2022-04-21,true,false,NO_TRADES,0,0,false,false,true
v2,quarterly,baseline,T3,H1,2022-06,GD,2020-01-01,true,false,AVAILABLE,1,0.362656089069,true,false,false
v2,quarterly,baseline,T3,H1,2022-06,BR,2020-01-01,true,false,AVAILABLE,2,0.01074478922,true,false,false
v2,quarterly,baseline,T3,H1,2022-06,MIX,2020-01-01,true,false,NO_TRADES,0,0,false,false,true
v2,quarterly,baseline,T3,H1,2022-06,NG,2020-02-03,true,false,NO_TRADES,0,0,false,false,true
v2,quarterly,baseline,T3,H1,2022-07,Si,2020-01-01,true,false,AVAILABLE,1,0.589122830056,true,false,false
v2,quarterly,baseline,T3,H1,2022-07,CNY,2022-04-21,true,false,AVAILABLE,1,0.759329753988,true,false,false
v2,quarterly,baseline,T3,H1,2022-07,GD,2020-01-01,true,false,AVAILABLE,2,0.444290378586,true,false,false
v2,quarterly,baseline,T3,H1,2022-07,BR,2020-01-01,true,false,AVAILABLE,1,0.231791596903,true,false,false
v2,quarterly,baseline,T3,H1,2022-07,MIX,2020-01-01,true,false,NO_TRADES,0,0,false,false,true
v2,quarterly,baseline,T3,H1,2022-07,NG,2020-02-03,true,false,AVAILABLE,2,2.66592222685,true,false,false
v2,quarterly,baseline,T3,H1,2022-08,Si,2020-01-01,true,false,NO_TRADES,0,0,false,false,true
v2,quarterly,baseline,T3,H1,2022-08,CNY,2022-04-21,true,false,NO_TRADES,0,0,false,false,true
v2,quarterly,baseline,T3,H1,2022-08,GD,2020-01-01,true,false,AVAILABLE,2,-1.16285319048,false,true,false
v2,quarterly,baseline,T3,H1,2022-08,BR,2020-01-01,true,false,NO_TRADES,0,0,false,false,true
v2,quarterly,baseline,T3,H1,2022-08,MIX,2020-01-01,true,false,AVAILABLE,2,0.023752965031,true,false,false
v2,quarterly,baseline,T3,H1,2022-08,NG,2020-02-03,true,false,AVAILABLE,3,-0.981938087477,false,true,false
v2,quarterly,baseline,T3,H1,2022-09,Si,2020-01-01,true,false,AVAILABLE,5,2.06815534874,true,false,false
v2,quarterly,baseline,T3,H1,2022-09,CNY,2022-04-21,true,false,AVAILABLE,2,3.06854958151,true,false,false
v2,quarterly,baseline,T3,H1,2022-09,GD,2020-01-01,true,false,AVAILABLE,2,1.19813136762,true,false,false
v2,quarterly,baseline,T3,H1,2022-09,BR,2020-01-01,true,false,AVAILABLE,1,-1.00261107923,false,true,false
v2,quarterly,baseline,T3,H1,2022-09,MIX,2020-01-01,true,false,AVAILABLE,3,2.42924990508,true,false,false
v2,quarterly,baseline,T3,H1,2022-09,NG,2020-02-03,true,false,AVAILABLE,3,2.4144246874,true,false,false
v2,quarterly,baseline,T3,H1,2022-10,Si,2020-01-01,true,false,AVAILABLE,1,-1.00000313775,false,true,false
v2,quarterly,baseline,T3,H1,2022-10,CNY,2022-04-21,true,false,NO_TRADES,0,0,false,false,true
v2,quarterly,baseline,T3,H1,2022-10,GD,2020-01-01,true,false,AVAILABLE,2,0.441046082086,true,false,false
v2,quarterly,baseline,T3,H1,2022-10,BR,2020-01-01,true,false,NO_TRADES,0,0,false,false,true
v2,quarterly,baseline,T3,H1,2022-10,MIX,2020-01-01,true,false,NO_TRADES,0,0,false,false,true
v2,quarterly,baseline,T3,H1,2022-10,NG,2020-02-03,true,false,AVAILABLE,2,4.28795265317,true,false,false
v2,quarterly,baseline,T3,H1,2022-11,Si,2020-01-01,true,false,NO_TRADES,0,0,false,false,true
v2,quarterly,baseline,T3,H1,2022-11,CNY,2022-04-21,true,false,NO_TRADES,0,0,false,false,true
v2,quarterly,baseline,T3,H1,2022-11,GD,2020-01-01,true,false,AVAILABLE,1,2.18780802086,true,false,false
v2,quarterly,baseline,T3,H1,2022-11,BR,2020-01-01,true,false,AVAILABLE,2,2.33455095539,true,false,false
v2,quarterly,baseline,T3,H1,2022-11,MIX,2020-01-01,true,false,AVAILABLE,1,0.620607358362,true,false,false
v2,quarterly,baseline,T3,H1,2022-11,NG,2020-02-03,true,false,AVAILABLE,2,0.612071357859,true,false,false
v2,quarterly,baseline,T3,H1,2022-12,Si,2020-01-01,true,false,AVAILABLE,6,8.50646087859,true,false,false
v2,quarterly,baseline,T3,H1,2022-12,CNY,2022-04-21,true,false,AVAILABLE,6,9.62729236148,true,false,false
v2,quarterly,baseline,T3,H1,2022-12,GD,2020-01-01,true,false,NO_TRADES,0,0,false,false,true
v2,quarterly,baseline,T3,H1,2022-12,BR,2020-01-01,true,false,AVAILABLE,3,-1.98212416114,false,true,false
v2,quarterly,baseline,T3,H1,2022-12,MIX,2020-01-01,true,false,NO_TRADES,0,0,false,false,true
v2,quarterly,baseline,T3,H1,2022-12,NG,2020-02-03,true,false,AVAILABLE,2,1.23920915823,true,false,false
v2,quarterly,baseline,T3,H1,2023-01,Si,2020-01-01,true,false,AVAILABLE,1,0.0628226149454,true,false,false
v2,quarterly,baseline,T3,H1,2023-01,CNY,2022-04-21,true,false,AVAILABLE,1,1.4204890407,true,false,false
v2,quarterly,baseline,T3,H1,2023-01,GD,2020-01-01,true,false,AVAILABLE,3,1.49238131076,true,false,false
v2,quarterly,baseline,T3,H1,2023-01,BR,2020-01-01,true,false,AVAILABLE,2,-2.00833664679,false,true,false
v2,quarterly,baseline,T3,H1,2023-01,MIX,2020-01-01,true,false,AVAILABLE,3,-0.632934837161,false,true,false
v2,quarterly,baseline,T3,H1,2023-01,NG,2020-02-03,true,false,AVAILABLE,1,2.30564857351,true,false,false
v2,quarterly,baseline,T3,H1,2023-02,Si,2020-01-01,true,false,AVAILABLE,6,-1.96399827619,false,true,false
v2,quarterly,baseline,T3,H1,2023-02,CNY,2022-04-21,true,false,AVAILABLE,7,-4.1823214263,false,true,false
v2,quarterly,baseline,T3,H1,2023-02,GD,2020-01-01,true,false,AVAILABLE,2,-2.00055587858,false,true,false
v2,quarterly,baseline,T3,H1,2023-02,BR,2020-01-01,true,false,AVAILABLE,2,0.565712436375,true,false,false
v2,quarterly,baseline,T3,H1,2023-02,MIX,2020-01-01,true,false,AVAILABLE,4,-2.50681401528,false,true,false
v2,quarterly,baseline,T3,H1,2023-02,NG,2020-02-03,true,false,AVAILABLE,1,-1.01342862299,false,true,false
v2,quarterly,baseline,T3,H1,2023-03,Si,2020-01-01,true,false,AVAILABLE,2,-1.74342248635,false,true,false
v2,quarterly,baseline,T3,H1,2023-03,CNY,2022-04-21,true,false,AVAILABLE,2,-0.0672848460602,false,true,false
v2,quarterly,baseline,T3,H1,2023-03,GD,2020-01-01,true,false,AVAILABLE,5,-2.89808679346,false,true,false
v2,quarterly,baseline,T3,H1,2023-03,BR,2020-01-01,true,false,AVAILABLE,3,1.39481360776,true,false,false
v2,quarterly,baseline,T3,H1,2023-03,MIX,2020-01-01,true,false,AVAILABLE,2,3.2409241626,true,false,false
v2,quarterly,baseline,T3,H1,2023-03,NG,2020-02-03,true,false,NO_TRADES,0,0,false,false,true
v2,quarterly,baseline,T3,H1,2023-04,Si,2020-01-01,true,false,AVAILABLE,3,4.46435974705,true,false,false
v2,quarterly,baseline,T3,H1,2023-04,CNY,2022-04-21,true,false,AVAILABLE,3,5.7082045683,true,false,false
v2,quarterly,baseline,T3,H1,2023-04,GD,2020-01-01,true,false,AVAILABLE,1,-0.752078523316,false,true,false
v2,quarterly,baseline,T3,H1,2023-04,BR,2020-01-01,true,false,AVAILABLE,2,2.49057985318,true,false,false
v2,quarterly,baseline,T3,H1,2023-04,MIX,2020-01-01,true,false,AVAILABLE,1,-1.00000165555,false,true,false
v2,quarterly,baseline,T3,H1,2023-04,NG,2020-02-03,true,false,AVAILABLE,1,-0.301223425343,false,true,false
v2,quarterly,baseline,T3,H1,2023-05,Si,2020-01-01,true,false,AVAILABLE,3,2.19255616082,true,false,false
v2,quarterly,baseline,T3,H1,2023-05,CNY,2022-04-21,true,false,AVAILABLE,2,2.79323658904,true,false,false
v2,quarterly,baseline,T3,H1,2023-05,GD,2020-01-01,true,false,AVAILABLE,2,0.721933910425,true,false,false
v2,quarterly,baseline,T3,H1,2023-05,BR,2020-01-01,true,false,AVAILABLE,2,-0.209460453219,false,true,false
v2,quarterly,baseline,T3,H1,2023-05,MIX,2020-01-01,true,false,AVAILABLE,4,-0.872067994127,false,true,false
v2,quarterly,baseline,T3,H1,2023-05,NG,2020-02-03,true,false,AVAILABLE,1,-1.02100484145,false,true,false
v2,quarterly,baseline,T3,H1,2023-06,Si,2020-01-01,true,false,AVAILABLE,4,3.58733575245,true,false,false
v2,quarterly,baseline,T3,H1,2023-06,CNY,2022-04-21,true,false,AVAILABLE,4,-1.82346390456,false,true,false
v2,quarterly,baseline,T3,H1,2023-06,GD,2020-01-01,true,false,AVAILABLE,1,0.843790716122,true,false,false
v2,quarterly,baseline,T3,H1,2023-06,BR,2020-01-01,true,false,AVAILABLE,3,-2.00617716467,false,true,false
v2,quarterly,baseline,T3,H1,2023-06,MIX,2020-01-01,true,false,AVAILABLE,4,-2.03420821224,false,true,false
v2,quarterly,baseline,T3,H1,2023-06,NG,2020-02-03,true,false,AVAILABLE,3,0.085848318829,true,false,false
v2,quarterly,baseline,T3,H1,2023-07,Si,2020-01-01,true,false,AVAILABLE,2,-0.47174533489,false,true,false
v2,quarterly,baseline,T3,H1,2023-07,CNY,2022-04-21,true,false,AVAILABLE,3,0.433722278226,true,false,false
v2,quarterly,baseline,T3,H1,2023-07,GD,2020-01-01,true,false,AVAILABLE,1,-0.734889720728,false,true,false
v2,quarterly,baseline,T3,H1,2023-07,BR,2020-01-01,true,false,AVAILABLE,2,-0.0696412342112,false,true,false
v2,quarterly,baseline,T3,H1,2023-07,MIX,2020-01-01,true,false,AVAILABLE,2,2.86880712455,true,false,false
v2,quarterly,baseline,T3,H1,2023-07,NG,2020-02-03,true,false,AVAILABLE,3,-2.55963965019,false,true,false
v2,quarterly,baseline,T3,H1,2023-08,Si,2020-01-01,true,false,AVAILABLE,4,7.02911881395,true,false,false
v2,quarterly,baseline,T3,H1,2023-08,CNY,2022-04-21,true,false,AVAILABLE,5,-0.362367910304,false,true,false
v2,quarterly,baseline,T3,H1,2023-08,GD,2020-01-01,true,false,AVAILABLE,1,-0.28438866801,false,true,false
v2,quarterly,baseline,T3,H1,2023-08,BR,2020-01-01,true,false,AVAILABLE,4,-0.715859440552,false,true,false
v2,quarterly,baseline,T3,H1,2023-08,MIX,2020-01-01,true,false,AVAILABLE,6,-1.7029187825,false,true,false
v2,quarterly,baseline,T3,H1,2023-08,NG,2020-02-03,true,false,AVAILABLE,3,1.08510331755,true,false,false
v2,quarterly,baseline,T3,H1,2023-09,Si,2020-01-01,true,false,AVAILABLE,2,-1.59335859909,false,true,false
v2,quarterly,baseline,T3,H1,2023-09,CNY,2022-04-21,true,false,AVAILABLE,1,-1.02771548574,false,true,false
v2,quarterly,baseline,T3,H1,2023-09,GD,2020-01-01,true,false,AVAILABLE,2,0.30497717956,true,false,false
v2,quarterly,baseline,T3,H1,2023-09,BR,2020-01-01,true,false,AVAILABLE,5,-0.890124431338,false,true,false
v2,quarterly,baseline,T3,H1,2023-09,MIX,2020-01-01,true,false,AVAILABLE,3,-1.15030340427,false,true,false
v2,quarterly,baseline,T3,H1,2023-09,NG,2020-02-03,true,false,NO_TRADES,0,0,false,false,true
v2,quarterly,baseline,T3,H1,2023-10,Si,2020-01-01,true,false,AVAILABLE,4,-1.59836460426,false,true,false
v2,quarterly,baseline,T3,H1,2023-10,CNY,2022-04-21,true,false,AVAILABLE,4,-1.08861286937,false,true,false
v2,quarterly,baseline,T3,H1,2023-10,GD,2020-01-01,true,false,AVAILABLE,5,1.63587542416,true,false,false
v2,quarterly,baseline,T3,H1,2023-10,BR,2020-01-01,true,false,NO_TRADES,0,0,false,false,true
v2,quarterly,baseline,T3,H1,2023-10,MIX,2020-01-01,true,false,NO_TRADES,0,0,false,false,true
v2,quarterly,baseline,T3,H1,2023-10,NG,2020-02-03,true,false,AVAILABLE,2,0.853103559619,true,false,false
v2,quarterly,baseline,T3,H1,2023-11,Si,2020-01-01,true,false,AVAILABLE,2,-0.008292862904,false,true,false
v2,quarterly,baseline,T3,H1,2023-11,CNY,2022-04-21,true,false,AVAILABLE,2,1.07597444616,true,false,false
v2,quarterly,baseline,T3,H1,2023-11,GD,2020-01-01,true,false,AVAILABLE,1,-0.368626885722,false,true,false
v2,quarterly,baseline,T3,H1,2023-11,BR,2020-01-01,true,false,AVAILABLE,2,-1.21370098939,false,true,false
v2,quarterly,baseline,T3,H1,2023-11,MIX,2020-01-01,true,false,AVAILABLE,4,-2.89547922942,false,true,false
v2,quarterly,baseline,T3,H1,2023-11,NG,2020-02-03,true,false,AVAILABLE,2,2.28646510533,true,false,false
v2,quarterly,baseline,T3,H1,2023-12,Si,2020-01-01,true,false,AVAILABLE,2,0.738927791137,true,false,false
v2,quarterly,baseline,T3,H1,2023-12,CNY,2022-04-21,true,false,AVAILABLE,2,0.344637469668,true,false,false
v2,quarterly,baseline,T3,H1,2023-12,GD,2020-01-01,true,false,AVAILABLE,4,0.237197813902,true,false,false
v2,quarterly,baseline,T3,H1,2023-12,BR,2020-01-01,true,false,AVAILABLE,3,-0.029862801423,false,true,false
v2,quarterly,baseline,T3,H1,2023-12,MIX,2020-01-01,true,false,AVAILABLE,4,-0.18380013752,false,true,false
v2,quarterly,baseline,T3,H1,2023-12,NG,2020-02-03,true,false,AVAILABLE,3,-0.841352222082,false,true,false
v2,quarterly,baseline,T3,H1,2024-01,Si,2020-01-01,true,false,NO_TRADES,0,0,false,false,true
v2,quarterly,baseline,T3,H1,2024-01,CNY,2022-04-21,true,false,AVAILABLE,1,2.72993115541,true,false,false
v2,quarterly,baseline,T3,H1,2024-01,GD,2020-01-01,true,false,AVAILABLE,2,-2.00077144335,false,true,false
v2,quarterly,baseline,T3,H1,2024-01,BR,2020-01-01,true,false,AVAILABLE,1,-1.00624006173,false,true,false
v2,quarterly,baseline,T3,H1,2024-01,MIX,2020-01-01,true,false,AVAILABLE,1,-0.795583060486,false,true,false
v2,quarterly,baseline,T3,H1,2024-01,NG,2020-02-03,true,false,AVAILABLE,4,1.14122409881,true,false,false
v2,quarterly,baseline,T3,H1,2024-02,Si,2020-01-01,true,false,AVAILABLE,2,-2.00001299651,false,true,false
v2,quarterly,baseline,T3,H1,2024-02,CNY,2022-04-21,true,false,AVAILABLE,3,-2.79466687934,false,true,false
v2,quarterly,baseline,T3,H1,2024-02,GD,2020-01-01,true,false,AVAILABLE,3,-2.08771422973,false,true,false
v2,quarterly,baseline,T3,H1,2024-02,BR,2020-01-01,true,false,NO_TRADES,0,0,false,false,true
v2,quarterly,baseline,T3,H1,2024-02,MIX,2020-01-01,true,false,AVAILABLE,2,1.73197486474,true,false,false
v2,quarterly,baseline,T3,H1,2024-02,NG,2020-02-03,true,false,AVAILABLE,4,-2.77567015123,false,true,false
v2,quarterly,baseline,T3,H1,2024-03,Si,2020-01-01,true,false,AVAILABLE,1,-0.60639327872,false,true,false
v2,quarterly,baseline,T3,H1,2024-03,CNY,2022-04-21,true,false,NO_TRADES,0,0,false,false,true
v2,quarterly,baseline,T3,H1,2024-03,GD,2020-01-01,true,false,AVAILABLE,3,7.04333370194,true,false,false
v2,quarterly,baseline,T3,H1,2024-03,BR,2020-01-01,true,false,NO_TRADES,0,0,false,false,true
v2,quarterly,baseline,T3,H1,2024-03,MIX,2020-01-01,true,false,AVAILABLE,2,-1.49030454666,false,true,false
v2,quarterly,baseline,T3,H1,2024-03,NG,2020-02-03,true,false,AVAILABLE,1,0.531764250419,true,false,false
v2,quarterly,baseline,T3,H1,2024-04,Si,2020-01-01,true,false,AVAILABLE,4,1.13975400812,true,false,false
v2,quarterly,baseline,T3,H1,2024-04,CNY,2022-04-21,true,false,AVAILABLE,3,4.45179752706,true,false,false
v2,quarterly,baseline,T3,H1,2024-04,GD,2020-01-01,true,false,AVAILABLE,5,6.84660016573,true,false,false
v2,quarterly,baseline,T3,H1,2024-04,BR,2020-01-01,true,false,AVAILABLE,4,-3.58210160389,false,true,false
v2,quarterly,baseline,T3,H1,2024-04,MIX,2020-01-01,true,false,AVAILABLE,6,-3.75026062193,false,true,false
v2,quarterly,baseline,T3,H1,2024-04,NG,2020-02-03,true,false,AVAILABLE,5,1.76226315858,true,false,false
v2,quarterly,baseline,T3,H1,2024-05,Si,2020-01-01,true,false,AVAILABLE,5,-0.357029458869,false,true,false
v2,quarterly,baseline,T3,H1,2024-05,CNY,2022-04-21,true,false,AVAILABLE,3,-2.60186730809,false,true,false
v2,quarterly,baseline,T3,H1,2024-05,GD,2020-01-01,true,false,AVAILABLE,1,-1.00022435685,false,true,false
v2,quarterly,baseline,T3,H1,2024-05,BR,2020-01-01,true,false,AVAILABLE,5,-3.90636306949,false,true,false
v2,quarterly,baseline,T3,H1,2024-05,MIX,2020-01-01,true,false,AVAILABLE,5,3.99611303018,true,false,false
v2,quarterly,baseline,T3,H1,2024-05,NG,2020-02-03,true,false,AVAILABLE,8,-2.41526757455,false,true,false
v2,quarterly,baseline,T3,H1,2024-06,Si,2020-01-01,true,false,AVAILABLE,7,4.142042125,true,false,false
v2,quarterly,baseline,T3,H1,2024-06,CNY,2022-04-21,true,false,AVAILABLE,3,13.496739066,true,false,false
v2,quarterly,baseline,T3,H1,2024-06,GD,2020-01-01,true,false,AVAILABLE,2,-2.00041665661,false,true,false
v2,quarterly,baseline,T3,H1,2024-06,BR,2020-01-01,true,false,AVAILABLE,4,0.03315534828,true,false,false
v2,quarterly,baseline,T3,H1,2024-06,MIX,2020-01-01,true,false,AVAILABLE,3,2.56641737143,true,false,false
v2,quarterly,baseline,T3,H1,2024-06,NG,2020-02-03,true,false,AVAILABLE,4,-3.24339119905,false,true,false
v2,quarterly,baseline,T3,H1,2024-07,Si,2020-01-01,true,false,NO_TRADES,0,0,false,false,true
v2,quarterly,baseline,T3,H1,2024-07,CNY,2022-04-21,true,false,NO_TRADES,0,0,false,false,true
v2,quarterly,baseline,T3,H1,2024-07,GD,2020-01-01,true,false,AVAILABLE,2,1.40375423134,true,false,false
v2,quarterly,baseline,T3,H1,2024-07,BR,2020-01-01,true,false,AVAILABLE,6,-3.56380741147,false,true,false
v2,quarterly,baseline,T3,H1,2024-07,MIX,2020-01-01,true,false,AVAILABLE,3,6.32169802026,true,false,false
v2,quarterly,baseline,T3,H1,2024-07,NG,2020-02-03,true,false,AVAILABLE,3,1.89050709035,true,false,false
v2,quarterly,baseline,T3,H1,2024-08,Si,2020-01-01,true,false,AVAILABLE,5,-2.44348469954,false,true,false
v2,quarterly,baseline,T3,H1,2024-08,CNY,2022-04-21,true,false,AVAILABLE,3,-1.20647294494,false,true,false
v2,quarterly,baseline,T3,H1,2024-08,GD,2020-01-01,true,false,AVAILABLE,2,1.3159181354,true,false,false
v2,quarterly,baseline,T3,H1,2024-08,BR,2020-01-01,true,false,AVAILABLE,3,0.363994985142,true,false,false
v2,quarterly,baseline,T3,H1,2024-08,MIX,2020-01-01,true,false,AVAILABLE,4,-0.370211687139,false,true,false
v2,quarterly,baseline,T3,H1,2024-08,NG,2020-02-03,true,false,AVAILABLE,3,2.76303220596,true,false,false
v2,quarterly,baseline,T3,H1,2024-09,Si,2020-01-01,true,false,AVAILABLE,2,3.13344967736,true,false,false
v2,quarterly,baseline,T3,H1,2024-09,CNY,2022-04-21,true,false,AVAILABLE,4,4.57359841691,true,false,false
v2,quarterly,baseline,T3,H1,2024-09,GD,2020-01-01,true,false,AVAILABLE,2,-0.456341144063,false,true,false
v2,quarterly,baseline,T3,H1,2024-09,BR,2020-01-01,true,false,AVAILABLE,1,0.557955447009,true,false,false
v2,quarterly,baseline,T3,H1,2024-09,MIX,2020-01-01,true,false,AVAILABLE,1,3.17800765698,true,false,false
v2,quarterly,baseline,T3,H1,2024-09,NG,2020-02-03,true,false,AVAILABLE,6,-2.53301957861,false,true,false
v2,quarterly,baseline,T3,H1,2024-10,Si,2020-01-01,true,false,AVAILABLE,5,-2.04495578102,false,true,false
v2,quarterly,baseline,T3,H1,2024-10,CNY,2022-04-21,true,false,AVAILABLE,1,-0.680886026985,false,true,false
v2,quarterly,baseline,T3,H1,2024-10,GD,2020-01-01,true,false,AVAILABLE,3,4.23759457566,true,false,false
v2,quarterly,baseline,T3,H1,2024-10,BR,2020-01-01,true,false,AVAILABLE,3,0.749624965079,true,false,false
v2,quarterly,baseline,T3,H1,2024-10,MIX,2020-01-01,true,false,AVAILABLE,2,2.58720054126,true,false,false
v2,quarterly,baseline,T3,H1,2024-10,NG,2020-02-03,true,false,AVAILABLE,1,1.29716659303,true,false,false
v2,quarterly,baseline,T3,H1,2024-11,Si,2020-01-01,true,false,AVAILABLE,2,6.86236418872,true,false,false
v2,quarterly,baseline,T3,H1,2024-11,CNY,2022-04-21,true,false,AVAILABLE,2,7.55964552731,true,false,false
v2,quarterly,baseline,T3,H1,2024-11,GD,2020-01-01,true,false,AVAILABLE,3,4.31506842295,true,false,false
v2,quarterly,baseline,T3,H1,2024-11,BR,2020-01-01,true,false,NO_TRADES,0,0,false,false,true
v2,quarterly,baseline,T3,H1,2024-11,MIX,2020-01-01,true,false,AVAILABLE,3,0.935024836994,true,false,false
v2,quarterly,baseline,T3,H1,2024-11,NG,2020-02-03,true,false,AVAILABLE,2,-0.503291792112,false,true,false
v2,quarterly,baseline,T3,H1,2024-12,Si,2020-01-01,true,false,AVAILABLE,1,0.456592213528,true,false,false
v2,quarterly,baseline,T3,H1,2024-12,CNY,2022-04-21,true,false,AVAILABLE,1,-0.973951838654,false,true,false
v2,quarterly,baseline,T3,H1,2024-12,GD,2020-01-01,true,false,NO_TRADES,0,0,false,false,true
v2,quarterly,baseline,T3,H1,2024-12,BR,2020-01-01,true,false,NO_TRADES,0,0,false,false,true
v2,quarterly,baseline,T3,H1,2024-12,MIX,2020-01-01,true,false,AVAILABLE,1,0.0238870500236,true,false,false
v2,quarterly,baseline,T3,H1,2024-12,NG,2020-02-03,true,false,AVAILABLE,1,-2.56466015562,false,true,false
v2,quarterly,walk_forward,T2,M30,2024-01,Si,2020-01-01,true,false,AVAILABLE,3,-0.020410928944,false,true,false
v2,quarterly,walk_forward,T2,M30,2024-01,CNY,2022-04-21,true,false,AVAILABLE,3,-1.97536906519,false,true,false
v2,quarterly,walk_forward,T2,M30,2024-01,GD,2020-01-01,true,false,AVAILABLE,2,0.510059453553,true,false,false
v2,quarterly,walk_forward,T2,M30,2024-01,BR,2020-01-01,true,false,AVAILABLE,2,0.301087758517,true,false,false
v2,quarterly,walk_forward,T2,M30,2024-01,MIX,2020-01-01,true,false,AVAILABLE,1,0.477757063503,true,false,false
v2,quarterly,walk_forward,T2,M30,2024-01,NG,2020-02-03,true,false,AVAILABLE,3,-0.754941310943,false,true,false
v2,quarterly,walk_forward,T2,M30,2024-02,Si,2020-01-01,true,false,AVAILABLE,1,0.404381688879,true,false,false
v2,quarterly,walk_forward,T2,M30,2024-02,CNY,2022-04-21,true,false,AVAILABLE,2,-0.956145638521,false,true,false
v2,quarterly,walk_forward,T2,M30,2024-02,GD,2020-01-01,true,false,AVAILABLE,3,-1.63871191662,false,true,false
v2,quarterly,walk_forward,T2,M30,2024-02,BR,2020-01-01,true,false,AVAILABLE,2,-0.235460692492,false,true,false
v2,quarterly,walk_forward,T2,M30,2024-02,MIX,2020-01-01,true,false,AVAILABLE,2,-0.674506234956,false,true,false
v2,quarterly,walk_forward,T2,M30,2024-02,NG,2020-02-03,true,false,AVAILABLE,3,6.34455468674,true,false,false
v2,quarterly,walk_forward,T2,M30,2024-03,Si,2020-01-01,true,false,AVAILABLE,3,-2.72290727159,false,true,false
v2,quarterly,walk_forward,T2,M30,2024-03,CNY,2022-04-21,true,false,AVAILABLE,1,-1.03621195244,false,true,false
v2,quarterly,walk_forward,T2,M30,2024-03,GD,2020-01-01,true,false,AVAILABLE,4,0.058696336516,true,false,false
v2,quarterly,walk_forward,T2,M30,2024-03,BR,2020-01-01,true,false,AVAILABLE,1,1.31666364847,true,false,false
v2,quarterly,walk_forward,T2,M30,2024-03,MIX,2020-01-01,true,false,AVAILABLE,4,-1.99135768484,false,true,false
v2,quarterly,walk_forward,T2,M30,2024-03,NG,2020-02-03,true,false,AVAILABLE,2,5.3849811819,true,false,false
v2,quarterly,walk_forward,T2,M30,2024-04,Si,2020-01-01,true,false,AVAILABLE,3,5.13975745498,true,false,false
v2,quarterly,walk_forward,T2,M30,2024-04,CNY,2022-04-21,true,false,AVAILABLE,3,0.06062001108,true,false,false
v2,quarterly,walk_forward,T2,M30,2024-04,GD,2020-01-01,true,false,AVAILABLE,1,-0.992773479769,false,true,false
v2,quarterly,walk_forward,T2,M30,2024-04,BR,2020-01-01,true,false,AVAILABLE,2,-3.67729351793,false,true,false
v2,quarterly,walk_forward,T2,M30,2024-04,MIX,2020-01-01,true,false,AVAILABLE,2,0.258275149575,true,false,false
v2,quarterly,walk_forward,T2,M30,2024-04,NG,2020-02-03,true,false,AVAILABLE,2,-1.35448039741,false,true,false
v2,quarterly,walk_forward,T2,M30,2024-05,Si,2020-01-01,true,false,AVAILABLE,6,-1.1336648916,false,true,false
v2,quarterly,walk_forward,T2,M30,2024-05,CNY,2022-04-21,true,false,AVAILABLE,7,-2.24239185003,false,true,false
v2,quarterly,walk_forward,T2,M30,2024-05,GD,2020-01-01,true,false,AVAILABLE,3,0.159378308028,true,false,false
v2,quarterly,walk_forward,T2,M30,2024-05,BR,2020-01-01,true,false,AVAILABLE,1,4.00814711074,true,false,false
v2,quarterly,walk_forward,T2,M30,2024-05,MIX,2020-01-01,true,false,AVAILABLE,4,3.58027149529,true,false,false
v2,quarterly,walk_forward,T2,M30,2024-05,NG,2020-02-03,true,false,AVAILABLE,2,0.129399282397,true,false,false
v2,quarterly,walk_forward,T2,M30,2024-06,Si,2020-01-01,true,false,AVAILABLE,4,6.58116157236,true,false,false
v2,quarterly,walk_forward,T2,M30,2024-06,CNY,2022-04-21,true,false,AVAILABLE,2,-1.01685128814,false,true,false
v2,quarterly,walk_forward,T2,M30,2024-06,GD,2020-01-01,true,false,AVAILABLE,3,0.227842382277,true,false,false
v2,quarterly,walk_forward,T2,M30,2024-06,BR,2020-01-01,true,false,AVAILABLE,3,-2.94694867133,false,true,false
v2,quarterly,walk_forward,T2,M30,2024-06,MIX,2020-01-01,true,false,AVAILABLE,6,0.177451964195,true,false,false
v2,quarterly,walk_forward,T2,M30,2024-06,NG,2020-02-03,true,false,AVAILABLE,2,-0.334383026885,false,true,false
v2,quarterly,walk_forward,T2,M30,2024-07,Si,2020-01-01,true,false,AVAILABLE,4,-3.04026829637,false,true,false
v2,quarterly,walk_forward,T2,M30,2024-07,CNY,2022-04-21,true,false,AVAILABLE,2,-1.89382581053,false,true,false
v2,quarterly,walk_forward,T2,M30,2024-07,GD,2020-01-01,true,false,AVAILABLE,2,1.63685577522,true,false,false
v2,quarterly,walk_forward,T2,M30,2024-07,BR,2020-01-01,true,false,AVAILABLE,3,1.58168441319,true,false,false
v2,quarterly,walk_forward,T2,M30,2024-07,MIX,2020-01-01,true,false,AVAILABLE,5,2.96889708513,true,false,false
v2,quarterly,walk_forward,T2,M30,2024-07,NG,2020-02-03,true,false,AVAILABLE,3,4.37503502599,true,false,false
v2,quarterly,walk_forward,T2,M30,2024-08,Si,2020-01-01,true,false,NO_TRADES,0,0,false,false,true
v2,quarterly,walk_forward,T2,M30,2024-08,CNY,2022-04-21,true,false,AVAILABLE,1,1.48930150599,true,false,false
v2,quarterly,walk_forward,T2,M30,2024-08,GD,2020-01-01,true,false,AVAILABLE,2,0.263926580222,true,false,false
v2,quarterly,walk_forward,T2,M30,2024-08,BR,2020-01-01,true,false,AVAILABLE,1,5.10862153932,true,false,false
v2,quarterly,walk_forward,T2,M30,2024-08,MIX,2020-01-01,true,false,AVAILABLE,4,3.43706548562,true,false,false
v2,quarterly,walk_forward,T2,M30,2024-08,NG,2020-02-03,true,false,AVAILABLE,5,-0.513001039337,false,true,false
v2,quarterly,walk_forward,T2,M30,2024-09,Si,2020-01-01,true,false,AVAILABLE,3,0.085394348947,true,false,false
v2,quarterly,walk_forward,T2,M30,2024-09,CNY,2022-04-21,true,false,AVAILABLE,6,4.3502492173,true,false,false
v2,quarterly,walk_forward,T2,M30,2024-09,GD,2020-01-01,true,false,AVAILABLE,2,-0.87760521173,false,true,false
v2,quarterly,walk_forward,T2,M30,2024-09,BR,2020-01-01,true,false,AVAILABLE,3,-2.66130783424,false,true,false
v2,quarterly,walk_forward,T2,M30,2024-09,MIX,2020-01-01,true,false,AVAILABLE,4,0.668390367281,true,false,false
v2,quarterly,walk_forward,T2,M30,2024-09,NG,2020-02-03,true,false,AVAILABLE,2,-1.8643804183,false,true,false
v2,quarterly,walk_forward,T2,M30,2024-10,Si,2020-01-01,true,false,AVAILABLE,4,-0.965415916974,false,true,false
v2,quarterly,walk_forward,T2,M30,2024-10,CNY,2022-04-21,true,false,AVAILABLE,2,0.631960964129,true,false,false
v2,quarterly,walk_forward,T2,M30,2024-10,GD,2020-01-01,true,false,AVAILABLE,2,-0.222463355323,false,true,false
v2,quarterly,walk_forward,T2,M30,2024-10,BR,2020-01-01,true,false,NO_TRADES,0,0,false,false,true
v2,quarterly,walk_forward,T2,M30,2024-10,MIX,2020-01-01,true,false,AVAILABLE,2,1.85112384804,true,false,false
v2,quarterly,walk_forward,T2,M30,2024-10,NG,2020-02-03,true,false,AVAILABLE,2,-2.20163036484,false,true,false
v2,quarterly,walk_forward,T2,M30,2024-11,Si,2020-01-01,true,false,AVAILABLE,4,2.94951182932,true,false,false
v2,quarterly,walk_forward,T2,M30,2024-11,CNY,2022-04-21,true,false,AVAILABLE,3,-1.9016031696,false,true,false
v2,quarterly,walk_forward,T2,M30,2024-11,GD,2020-01-01,true,false,AVAILABLE,2,-0.37793648657,false,true,false
v2,quarterly,walk_forward,T2,M30,2024-11,BR,2020-01-01,true,false,AVAILABLE,1,-2.07393898693,false,true,false
v2,quarterly,walk_forward,T2,M30,2024-11,MIX,2020-01-01,true,false,AVAILABLE,5,5.23967673134,true,false,false
v2,quarterly,walk_forward,T2,M30,2024-11,NG,2020-02-03,true,false,AVAILABLE,2,-0.452360453,false,true,false
v2,quarterly,walk_forward,T2,M30,2024-12,Si,2020-01-01,true,false,AVAILABLE,5,-2.82034739938,false,true,false
v2,quarterly,walk_forward,T2,M30,2024-12,CNY,2022-04-21,true,false,AVAILABLE,5,1.67192140896,true,false,false
v2,quarterly,walk_forward,T2,M30,2024-12,GD,2020-01-01,true,false,AVAILABLE,2,0.993212008109,true,false,false
v2,quarterly,walk_forward,T2,M30,2024-12,BR,2020-01-01,true,false,AVAILABLE,5,-2.51665766679,false,true,false
v2,quarterly,walk_forward,T2,M30,2024-12,MIX,2020-01-01,true,false,AVAILABLE,6,-1.74736152992,false,true,false
v2,quarterly,walk_forward,T2,M30,2024-12,NG,2020-02-03,true,false,AVAILABLE,8,-8.50422827606,false,true,false
v2,quarterly,walk_forward,T2,H1,2024-01,Si,2020-01-01,true,false,NO_TRADES,0,0,false,false,true
v2,quarterly,walk_forward,T2,H1,2024-01,CNY,2022-04-21,true,false,NO_TRADES,0,0,false,false,true
v2,quarterly,walk_forward,T2,H1,2024-01,GD,2020-01-01,true,false,AVAILABLE,1,-0.777924643757,false,true,false
v2,quarterly,walk_forward,T2,H1,2024-01,BR,2020-01-01,true,false,NO_TRADES,0,0,false,false,true
v2,quarterly,walk_forward,T2,H1,2024-01,MIX,2020-01-01,true,false,AVAILABLE,2,-1.45891727918,false,true,false
v2,quarterly,walk_forward,T2,H1,2024-01,NG,2020-02-03,true,false,AVAILABLE,1,-0.559316291577,false,true,false
v2,quarterly,walk_forward,T2,H1,2024-02,Si,2020-01-01,true,false,AVAILABLE,2,-1.09150233531,false,true,false
v2,quarterly,walk_forward,T2,H1,2024-02,CNY,2022-04-21,true,false,AVAILABLE,2,-0.890357555099,false,true,false
v2,quarterly,walk_forward,T2,H1,2024-02,GD,2020-01-01,true,false,AVAILABLE,1,-0.422583100787,false,true,false
v2,quarterly,walk_forward,T2,H1,2024-02,BR,2020-01-01,true,false,AVAILABLE,2,-0.351490239022,false,true,false
v2,quarterly,walk_forward,T2,H1,2024-02,MIX,2020-01-01,true,false,AVAILABLE,3,1.31496237909,true,false,false
v2,quarterly,walk_forward,T2,H1,2024-02,NG,2020-02-03,true,false,AVAILABLE,2,3.23469561668,true,false,false
v2,quarterly,walk_forward,T2,H1,2024-03,Si,2020-01-01,true,false,AVAILABLE,2,-1.59255634946,false,true,false
v2,quarterly,walk_forward,T2,H1,2024-03,CNY,2022-04-21,true,false,AVAILABLE,1,-1.04053616355,false,true,false
v2,quarterly,walk_forward,T2,H1,2024-03,GD,2020-01-01,true,false,NO_TRADES,0,0,false,false,true
v2,quarterly,walk_forward,T2,H1,2024-03,BR,2020-01-01,true,false,AVAILABLE,1,-1.00401805259,false,true,false
v2,quarterly,walk_forward,T2,H1,2024-03,MIX,2020-01-01,true,false,AVAILABLE,3,1.08689870923,true,false,false
v2,quarterly,walk_forward,T2,H1,2024-03,NG,2020-02-03,true,false,AVAILABLE,1,3.86786983537,true,false,false
v2,quarterly,walk_forward,T2,H1,2024-04,Si,2020-01-01,true,false,AVAILABLE,1,-0.829503337841,false,true,false
v2,quarterly,walk_forward,T2,H1,2024-04,CNY,2022-04-21,true,false,AVAILABLE,2,1.77209886914,true,false,false
v2,quarterly,walk_forward,T2,H1,2024-04,GD,2020-01-01,true,false,AVAILABLE,1,-1.00022663933,false,true,false
v2,quarterly,walk_forward,T2,H1,2024-04,BR,2020-01-01,true,false,AVAILABLE,1,0.139189775125,true,false,false
v2,quarterly,walk_forward,T2,H1,2024-04,MIX,2020-01-01,true,false,AVAILABLE,1,-1.00000158852,false,true,false
v2,quarterly,walk_forward,T2,H1,2024-04,NG,2020-02-03,true,false,AVAILABLE,1,-0.966654823767,false,true,false
v2,quarterly,walk_forward,T2,H1,2024-05,Si,2020-01-01,true,false,AVAILABLE,2,0.62419622934,true,false,false
v2,quarterly,walk_forward,T2,H1,2024-05,CNY,2022-04-21,true,false,AVAILABLE,2,8.32026592595,true,false,false
v2,quarterly,walk_forward,T2,H1,2024-05,GD,2020-01-01,true,false,AVAILABLE,2,0.149138083406,true,false,false
v2,quarterly,walk_forward,T2,H1,2024-05,BR,2020-01-01,true,false,AVAILABLE,5,1.72917693227,true,false,false
v2,quarterly,walk_forward,T2,H1,2024-05,MIX,2020-01-01,true,false,AVAILABLE,3,2.96459536104,true,false,false
v2,quarterly,walk_forward,T2,H1,2024-05,NG,2020-02-03,true,false,AVAILABLE,2,-1.23201061496,false,true,false
v2,quarterly,walk_forward,T2,H1,2024-06,Si,2020-01-01,true,false,AVAILABLE,2,-0.234895851984,false,true,false
v2,quarterly,walk_forward,T2,H1,2024-06,CNY,2022-04-21,true,false,AVAILABLE,1,-1.08011186154,false,true,false
v2,quarterly,walk_forward,T2,H1,2024-06,GD,2020-01-01,true,false,NO_TRADES,0,0,false,false,true
v2,quarterly,walk_forward,T2,H1,2024-06,BR,2020-01-01,true,false,NO_TRADES,0,0,false,false,true
v2,quarterly,walk_forward,T2,H1,2024-06,MIX,2020-01-01,true,false,AVAILABLE,2,-0.255122181829,false,true,false
v2,quarterly,walk_forward,T2,H1,2024-06,NG,2020-02-03,true,false,AVAILABLE,3,2.12199475618,true,false,false
v2,quarterly,walk_forward,T2,H1,2024-07,Si,2020-01-01,true,false,AVAILABLE,1,-1.00000392516,false,true,false
v2,quarterly,walk_forward,T2,H1,2024-07,CNY,2022-04-21,true,false,AVAILABLE,1,-0.60547449381,false,true,false
v2,quarterly,walk_forward,T2,H1,2024-07,GD,2020-01-01,true,false,NO_TRADES,0,0,false,false,true
v2,quarterly,walk_forward,T2,H1,2024-07,BR,2020-01-01,true,false,AVAILABLE,1,1.93207175955,true,false,false
v2,quarterly,walk_forward,T2,H1,2024-07,MIX,2020-01-01,true,false,AVAILABLE,1,0.0812033756901,true,false,false
v2,quarterly,walk_forward,T2,H1,2024-07,NG,2020-02-03,true,false,AVAILABLE,1,1.95021796699,true,false,false
v2,quarterly,walk_forward,T2,H1,2024-08,Si,2020-01-01,true,false,AVAILABLE,2,-1.26351212942,false,true,false
v2,quarterly,walk_forward,T2,H1,2024-08,CNY,2022-04-21,true,false,NO_TRADES,0,0,false,false,true
v2,quarterly,walk_forward,T2,H1,2024-08,GD,2020-01-01,true,false,AVAILABLE,5,-2.04736075318,false,true,false
v2,quarterly,walk_forward,T2,H1,2024-08,BR,2020-01-01,true,false,NO_TRADES,0,0,false,false,true
v2,quarterly,walk_forward,T2,H1,2024-08,MIX,2020-01-01,true,false,AVAILABLE,3,0.256638905012,true,false,false
v2,quarterly,walk_forward,T2,H1,2024-08,NG,2020-02-03,true,false,AVAILABLE,3,-1.70495950623,false,true,false
v2,quarterly,walk_forward,T2,H1,2024-09,Si,2020-01-01,true,false,AVAILABLE,5,6.75168539549,true,false,false
v2,quarterly,walk_forward,T2,H1,2024-09,CNY,2022-04-21,true,false,AVAILABLE,2,8.20786570536,true,false,false
v2,quarterly,walk_forward,T2,H1,2024-09,GD,2020-01-01,true,false,AVAILABLE,1,-0.911719271163,false,true,false
v2,quarterly,walk_forward,T2,H1,2024-09,BR,2020-01-01,true,false,AVAILABLE,1,2.07646972485,true,false,false
v2,quarterly,walk_forward,T2,H1,2024-09,MIX,2020-01-01,true,false,AVAILABLE,2,-0.333612110075,false,true,false
v2,quarterly,walk_forward,T2,H1,2024-09,NG,2020-02-03,true,false,AVAILABLE,2,-0.443149371203,false,true,false
v2,quarterly,walk_forward,T2,H1,2024-10,Si,2020-01-01,true,false,AVAILABLE,1,2.71911847334,true,false,false
v2,quarterly,walk_forward,T2,H1,2024-10,CNY,2022-04-21,true,false,NO_TRADES,0,0,false,false,true
v2,quarterly,walk_forward,T2,H1,2024-10,GD,2020-01-01,true,false,AVAILABLE,1,0.374423270578,true,false,false
v2,quarterly,walk_forward,T2,H1,2024-10,BR,2020-01-01,true,false,NO_TRADES,0,0,false,false,true
v2,quarterly,walk_forward,T2,H1,2024-10,MIX,2020-01-01,true,false,AVAILABLE,1,3.18172551857,true,false,false
v2,quarterly,walk_forward,T2,H1,2024-10,NG,2020-02-03,true,false,AVAILABLE,1,-1.0055133577,false,true,false
v2,quarterly,walk_forward,T2,H1,2024-11,Si,2020-01-01,true,false,AVAILABLE,2,0.72275618508,true,false,false
v2,quarterly,walk_forward,T2,H1,2024-11,CNY,2022-04-21,true,false,AVAILABLE,5,0.660873911179,true,false,false
v2,quarterly,walk_forward,T2,H1,2024-11,GD,2020-01-01,true,false,AVAILABLE,1,-1.000110181,false,true,false
v2,quarterly,walk_forward,T2,H1,2024-11,BR,2020-01-01,true,false,AVAILABLE,3,-1.46516648596,false,true,false
v2,quarterly,walk_forward,T2,H1,2024-11,MIX,2020-01-01,true,false,AVAILABLE,4,2.73495066823,true,false,false
v2,quarterly,walk_forward,T2,H1,2024-11,NG,2020-02-03,true,false,AVAILABLE,2,-0.558557978494,false,true,false
v2,quarterly,walk_forward,T2,H1,2024-12,Si,2020-01-01,true,false,AVAILABLE,1,-0.24530679416,false,true,false
v2,quarterly,walk_forward,T2,H1,2024-12,CNY,2022-04-21,true,false,NO_TRADES,0,0,false,false,true
v2,quarterly,walk_forward,T2,H1,2024-12,GD,2020-01-01,true,false,AVAILABLE,2,-0.839420641397,false,true,false
v2,quarterly,walk_forward,T2,H1,2024-12,BR,2020-01-01,true,false,AVAILABLE,1,0.128009417856,true,false,false
v2,quarterly,walk_forward,T2,H1,2024-12,MIX,2020-01-01,true,false,AVAILABLE,2,2.77539352817,true,false,false
v2,quarterly,walk_forward,T2,H1,2024-12,NG,2020-02-03,true,false,AVAILABLE,4,0.858631667239,true,false,false
v2,quarterly,walk_forward,T3,M30,2024-01,Si,2020-01-01,true,false,AVAILABLE,1,0.87822358701,true,false,false
v2,quarterly,walk_forward,T3,M30,2024-01,CNY,2022-04-21,true,false,AVAILABLE,1,0.320267558493,true,false,false
v2,quarterly,walk_forward,T3,M30,2024-01,GD,2020-01-01,true,false,AVAILABLE,2,-1.73840753886,false,true,false
v2,quarterly,walk_forward,T3,M30,2024-01,BR,2020-01-01,true,false,AVAILABLE,3,-1.39619798325,false,true,false
v2,quarterly,walk_forward,T3,M30,2024-01,MIX,2020-01-01,true,false,AVAILABLE,1,-1.00000252504,false,true,false
v2,quarterly,walk_forward,T3,M30,2024-01,NG,2020-02-03,true,false,AVAILABLE,2,-1.63792284991,false,true,false
v2,quarterly,walk_forward,T3,M30,2024-02,Si,2020-01-01,true,false,AVAILABLE,6,-1.51564072849,false,true,false
v2,quarterly,walk_forward,T3,M30,2024-02,CNY,2022-04-21,true,false,AVAILABLE,6,-5.08742205694,false,true,false
v2,quarterly,walk_forward,T3,M30,2024-02,GD,2020-01-01,true,false,AVAILABLE,3,-0.831790129952,false,true,false
v2,quarterly,walk_forward,T3,M30,2024-02,BR,2020-01-01,true,false,AVAILABLE,5,-0.880930554294,false,true,false
v2,quarterly,walk_forward,T3,M30,2024-02,MIX,2020-01-01,true,false,AVAILABLE,4,3.35453129255,true,false,false
v2,quarterly,walk_forward,T3,M30,2024-02,NG,2020-02-03,true,false,AVAILABLE,7,-0.528325007949,false,true,false
v2,quarterly,walk_forward,T3,M30,2024-03,Si,2020-01-01,true,false,NO_TRADES,0,0,false,false,true
v2,quarterly,walk_forward,T3,M30,2024-03,CNY,2022-04-21,true,false,AVAILABLE,2,-0.392946167939,false,true,false
v2,quarterly,walk_forward,T3,M30,2024-03,GD,2020-01-01,true,false,AVAILABLE,7,15.5247749628,true,false,false
v2,quarterly,walk_forward,T3,M30,2024-03,BR,2020-01-01,true,false,AVAILABLE,3,-2.25206246507,false,true,false
v2,quarterly,walk_forward,T3,M30,2024-03,MIX,2020-01-01,true,false,AVAILABLE,6,-1.31314399697,false,true,false
v2,quarterly,walk_forward,T3,M30,2024-03,NG,2020-02-03,true,false,AVAILABLE,6,0.323812906538,true,false,false
v2,quarterly,walk_forward,T3,M30,2024-04,Si,2020-01-01,true,false,AVAILABLE,5,-0.990131967847,false,true,false
v2,quarterly,walk_forward,T3,M30,2024-04,CNY,2022-04-21,true,false,AVAILABLE,5,0.933867004377,true,false,false
v2,quarterly,walk_forward,T3,M30,2024-04,GD,2020-01-01,true,false,AVAILABLE,1,-1.00030852738,false,true,false
v2,quarterly,walk_forward,T3,M30,2024-04,BR,2020-01-01,true,false,AVAILABLE,3,-2.09360895859,false,true,false
v2,quarterly,walk_forward,T3,M30,2024-04,MIX,2020-01-01,true,false,AVAILABLE,5,-4.34273314216,false,true,false
v2,quarterly,walk_forward,T3,M30,2024-04,NG,2020-02-03,true,false,AVAILABLE,3,-0.424176415184,false,true,false
v2,quarterly,walk_forward,T3,M30,2024-05,Si,2020-01-01,true,false,AVAILABLE,5,-0.680569788107,false,true,false
v2,quarterly,walk_forward,T3,M30,2024-05,CNY,2022-04-21,true,false,AVAILABLE,4,-1.15791982328,false,true,false
v2,quarterly,walk_forward,T3,M30,2024-05,GD,2020-01-01,true,false,AVAILABLE,5,-0.505847328737,false,true,false
v2,quarterly,walk_forward,T3,M30,2024-05,BR,2020-01-01,true,false,AVAILABLE,6,-2.13005613524,false,true,false
v2,quarterly,walk_forward,T3,M30,2024-05,MIX,2020-01-01,true,false,AVAILABLE,10,-1.74586353142,false,true,false
v2,quarterly,walk_forward,T3,M30,2024-05,NG,2020-02-03,true,false,AVAILABLE,8,9.56200143143,true,false,false
v2,quarterly,walk_forward,T3,M30,2024-06,Si,2020-01-01,true,false,AVAILABLE,5,6.39725436112,true,false,false
v2,quarterly,walk_forward,T3,M30,2024-06,CNY,2022-04-21,true,false,AVAILABLE,6,4.50666299177,true,false,false
v2,quarterly,walk_forward,T3,M30,2024-06,GD,2020-01-01,true,false,AVAILABLE,4,-1.86412895645,false,true,false
v2,quarterly,walk_forward,T3,M30,2024-06,BR,2020-01-01,true,false,AVAILABLE,8,-2.48532003945,false,true,false
v2,quarterly,walk_forward,T3,M30,2024-06,MIX,2020-01-01,true,false,AVAILABLE,3,5.64779730754,true,false,false
v2,quarterly,walk_forward,T3,M30,2024-06,NG,2020-02-03,true,false,AVAILABLE,5,-2.75553055614,false,true,false
v2,quarterly,walk_forward,T3,M30,2024-07,Si,2020-01-01,true,false,AVAILABLE,2,1.23972041446,true,false,false
v2,quarterly,walk_forward,T3,M30,2024-07,CNY,2022-04-21,true,false,AVAILABLE,2,1.26875563369,true,false,false
v2,quarterly,walk_forward,T3,M30,2024-07,GD,2020-01-01,true,false,AVAILABLE,3,-0.55170474667,false,true,false
v2,quarterly,walk_forward,T3,M30,2024-07,BR,2020-01-01,true,false,AVAILABLE,6,-1.33761714557,false,true,false
v2,quarterly,walk_forward,T3,M30,2024-07,MIX,2020-01-01,true,false,AVAILABLE,1,0.401705048412,true,false,false
v2,quarterly,walk_forward,T3,M30,2024-07,NG,2020-02-03,true,false,AVAILABLE,4,0.066235570206,true,false,false
v2,quarterly,walk_forward,T3,M30,2024-08,Si,2020-01-01,true,false,AVAILABLE,6,-0.817332726888,false,true,false
v2,quarterly,walk_forward,T3,M30,2024-08,CNY,2022-04-21,true,false,AVAILABLE,5,0.720288139115,true,false,false
v2,quarterly,walk_forward,T3,M30,2024-08,GD,2020-01-01,true,false,AVAILABLE,7,-0.946746948425,false,true,false
v2,quarterly,walk_forward,T3,M30,2024-08,BR,2020-01-01,true,false,AVAILABLE,6,0.800117348651,true,false,false
v2,quarterly,walk_forward,T3,M30,2024-08,MIX,2020-01-01,true,false,AVAILABLE,8,0.31335427742,true,false,false
v2,quarterly,walk_forward,T3,M30,2024-08,NG,2020-02-03,true,false,AVAILABLE,6,-3.14137280757,false,true,false
v2,quarterly,walk_forward,T3,M30,2024-09,Si,2020-01-01,true,false,AVAILABLE,3,6.6666028331,true,false,false
v2,quarterly,walk_forward,T3,M30,2024-09,CNY,2022-04-21,true,false,AVAILABLE,8,1.30582962984,true,false,false
v2,quarterly,walk_forward,T3,M30,2024-09,GD,2020-01-01,true,false,AVAILABLE,6,-0.988590079081,false,true,false
v2,quarterly,walk_forward,T3,M30,2024-09,BR,2020-01-01,true,false,AVAILABLE,7,-3.79813706917,false,true,false
v2,quarterly,walk_forward,T3,M30,2024-09,MIX,2020-01-01,true,false,AVAILABLE,4,3.63897608958,true,false,false
v2,quarterly,walk_forward,T3,M30,2024-09,NG,2020-02-03,true,false,AVAILABLE,5,2.6762278004,true,false,false
v2,quarterly,walk_forward,T3,M30,2024-10,Si,2020-01-01,true,false,AVAILABLE,2,-0.844524266395,false,true,false
v2,quarterly,walk_forward,T3,M30,2024-10,CNY,2022-04-21,true,false,AVAILABLE,1,-0.83293569222,false,true,false
v2,quarterly,walk_forward,T3,M30,2024-10,GD,2020-01-01,true,false,AVAILABLE,3,1.81992161379,true,false,false
v2,quarterly,walk_forward,T3,M30,2024-10,BR,2020-01-01,true,false,AVAILABLE,1,-1.04259804049,false,true,false
v2,quarterly,walk_forward,T3,M30,2024-10,MIX,2020-01-01,true,false,AVAILABLE,4,3.02306733691,true,false,false
v2,quarterly,walk_forward,T3,M30,2024-10,NG,2020-02-03,true,false,AVAILABLE,6,-3.48449650104,false,true,false
v2,quarterly,walk_forward,T3,M30,2024-11,Si,2020-01-01,true,false,AVAILABLE,7,5.97884779193,true,false,false
v2,quarterly,walk_forward,T3,M30,2024-11,CNY,2022-04-21,true,false,AVAILABLE,6,8.9317711883,true,false,false
v2,quarterly,walk_forward,T3,M30,2024-11,GD,2020-01-01,true,false,AVAILABLE,7,-1.8442249756,false,true,false
v2,quarterly,walk_forward,T3,M30,2024-11,BR,2020-01-01,true,false,AVAILABLE,2,-1.54765385531,false,true,false
v2,quarterly,walk_forward,T3,M30,2024-11,MIX,2020-01-01,true,false,AVAILABLE,8,3.16436111142,true,false,false
v2,quarterly,walk_forward,T3,M30,2024-11,NG,2020-02-03,true,false,AVAILABLE,7,-0.111993349966,false,true,false
v2,quarterly,walk_forward,T3,M30,2024-12,Si,2020-01-01,true,false,AVAILABLE,3,0.595731590857,true,false,false
v2,quarterly,walk_forward,T3,M30,2024-12,CNY,2022-04-21,true,false,AVAILABLE,4,-0.19210070623,false,true,false
v2,quarterly,walk_forward,T3,M30,2024-12,GD,2020-01-01,true,false,AVAILABLE,6,-3.25570457738,false,true,false
v2,quarterly,walk_forward,T3,M30,2024-12,BR,2020-01-01,true,false,AVAILABLE,3,-0.987989735893,false,true,false
v2,quarterly,walk_forward,T3,M30,2024-12,MIX,2020-01-01,true,false,AVAILABLE,4,-0.24965365729,false,true,false
v2,quarterly,walk_forward,T3,M30,2024-12,NG,2020-02-03,true,false,AVAILABLE,5,6.17311318799,true,false,false
v2,quarterly,walk_forward,T3,H1,2024-02,Si,2020-01-01,true,false,NO_TRADES,0,0,false,false,true
v2,quarterly,walk_forward,T3,H1,2024-02,CNY,2022-04-21,true,false,AVAILABLE,3,-2.79466687934,false,true,false
v2,quarterly,walk_forward,T3,H1,2024-02,GD,2020-01-01,true,false,NO_TRADES,0,0,false,false,true
v2,quarterly,walk_forward,T3,H1,2024-02,BR,2020-01-01,true,false,NO_TRADES,0,0,false,false,true
v2,quarterly,walk_forward,T3,H1,2024-02,MIX,2020-01-01,true,false,AVAILABLE,1,1.17194260303,true,false,false
v2,quarterly,walk_forward,T3,H1,2024-02,NG,2020-02-03,true,false,AVAILABLE,4,-3.31978508186,false,true,false
v2,quarterly,walk_forward,T3,H1,2024-03,Si,2020-01-01,true,false,AVAILABLE,1,-0.60639327872,false,true,false
v2,quarterly,walk_forward,T3,H1,2024-03,CNY,2022-04-21,true,false,NO_TRADES,0,0,false,false,true
v2,quarterly,walk_forward,T3,H1,2024-03,GD,2020-01-01,true,false,AVAILABLE,3,7.04333370194,true,false,false
v2,quarterly,walk_forward,T3,H1,2024-03,BR,2020-01-01,true,false,NO_TRADES,0,0,false,false,true
v2,quarterly,walk_forward,T3,H1,2024-03,MIX,2020-01-01,true,false,AVAILABLE,1,-0.490302529723,false,true,false
v2,quarterly,walk_forward,T3,H1,2024-03,NG,2020-02-03,true,false,AVAILABLE,1,0.531764250419,true,false,false
v2,quarterly,walk_forward,T3,H1,2024-05,Si,2020-01-01,true,false,AVAILABLE,3,-1.08147862726,false,true,false
v2,quarterly,walk_forward,T3,H1,2024-05,CNY,2022-04-21,true,false,AVAILABLE,2,-1.53026754122,false,true,false
v2,quarterly,walk_forward,T3,H1,2024-05,GD,2020-01-01,true,false,AVAILABLE,1,-1.00022435685,false,true,false
v2,quarterly,walk_forward,T3,H1,2024-05,BR,2020-01-01,true,false,AVAILABLE,4,-3.10554537355,false,true,false
v2,quarterly,walk_forward,T3,H1,2024-05,MIX,2020-01-01,true,false,AVAILABLE,5,1.88437986455,true,false,false
v2,quarterly,walk_forward,T3,H1,2024-05,NG,2020-02-03,true,false,AVAILABLE,6,0.708626712648,true,false,false
v2,quarterly,walk_forward,T3,H1,2024-06,Si,2020-01-01,true,false,AVAILABLE,9,2.93271536062,true,false,false
v2,quarterly,walk_forward,T3,H1,2024-06,CNY,2022-04-21,true,false,AVAILABLE,5,11.4016327218,true,false,false
v2,quarterly,walk_forward,T3,H1,2024-06,GD,2020-01-01,true,false,AVAILABLE,2,-2.00041665661,false,true,false
v2,quarterly,walk_forward,T3,H1,2024-06,BR,2020-01-01,true,false,AVAILABLE,3,1.04097374674,true,false,false
v2,quarterly,walk_forward,T3,H1,2024-06,MIX,2020-01-01,true,false,AVAILABLE,4,1.8994470967,true,false,false
v2,quarterly,walk_forward,T3,H1,2024-06,NG,2020-02-03,true,false,AVAILABLE,3,-2.20460815118,false,true,false
v2,quarterly,walk_forward,T3,H1,2024-08,Si,2020-01-01,true,false,AVAILABLE,2,-0.850467277329,false,true,false
v2,quarterly,walk_forward,T3,H1,2024-08,CNY,2022-04-21,true,false,AVAILABLE,2,-1.78769947735,false,true,false
v2,quarterly,walk_forward,T3,H1,2024-08,GD,2020-01-01,true,false,NO_TRADES,0,0,false,false,true
v2,quarterly,walk_forward,T3,H1,2024-08,BR,2020-01-01,true,false,AVAILABLE,2,-0.446285146011,false,true,false
v2,quarterly,walk_forward,T3,H1,2024-08,MIX,2020-01-01,true,false,AVAILABLE,2,0.042122649774,true,false,false
v2,quarterly,walk_forward,T3,H1,2024-08,NG,2020-02-03,true,false,AVAILABLE,1,2.96474362359,true,false,false
v2,quarterly,walk_forward,T3,H1,2024-09,Si,2020-01-01,true,false,AVAILABLE,2,0.083343526329,true,false,false
v2,quarterly,walk_forward,T3,H1,2024-09,CNY,2022-04-21,true,false,AVAILABLE,3,5.60226340268,true,false,false
v2,quarterly,walk_forward,T3,H1,2024-09,GD,2020-01-01,true,false,AVAILABLE,1,-0.807756089599,false,true,false
v2,quarterly,walk_forward,T3,H1,2024-09,BR,2020-01-01,true,false,AVAILABLE,1,0.557955447009,true,false,false
v2,quarterly,walk_forward,T3,H1,2024-09,MIX,2020-01-01,true,false,AVAILABLE,1,3.17800765698,true,false,false
v2,quarterly,walk_forward,T3,H1,2024-09,NG,2020-02-03,true,false,AVAILABLE,6,-2.52983903797,false,true,false
v2,quarterly,walk_forward,T3,H1,2024-11,Si,2020-01-01,true,false,AVAILABLE,2,6.86236418872,true,false,false
v2,quarterly,walk_forward,T3,H1,2024-11,CNY,2022-04-21,true,false,AVAILABLE,2,7.55964552731,true,false,false
v2,quarterly,walk_forward,T3,H1,2024-11,GD,2020-01-01,true,false,AVAILABLE,1,0.0203551790938,true,false,false
v2,quarterly,walk_forward,T3,H1,2024-11,BR,2020-01-01,true,false,NO_TRADES,0,0,false,false,true
v2,quarterly,walk_forward,T3,H1,2024-11,MIX,2020-01-01,true,false,AVAILABLE,2,1.88509904119,true,false,false
v2,quarterly,walk_forward,T3,H1,2024-11,NG,2020-02-03,true,false,AVAILABLE,1,-0.641997421507,false,true,false
v2,quarterly,walk_forward,T3,H1,2024-12,Si,2020-01-01,true,false,AVAILABLE,1,0.456592213528,true,false,false
v2,quarterly,walk_forward,T3,H1,2024-12,CNY,2022-04-21,true,false,AVAILABLE,1,-0.973951838654,false,true,false
v2,quarterly,walk_forward,T3,H1,2024-12,GD,2020-01-01,true,false,NO_TRADES,0,0,false,false,true
v2,quarterly,walk_forward,T3,H1,2024-12,BR,2020-01-01,true,false,NO_TRADES,0,0,false,false,true
v2,quarterly,walk_forward,T3,H1,2024-12,MIX,2020-01-01,true,false,NO_TRADES,0,0,false,false,true
v2,quarterly,walk_forward,T3,H1,2024-12,NG,2020-02-03,true,false,AVAILABLE,1,-2.56466015562,false,true,false
v2,quarterly,true_oos,T2,M30,2025-01,Si,2020-01-01,true,false,AVAILABLE,2,0.55685618937,true,false,false
v2,quarterly,true_oos,T2,M30,2025-01,CNY,2022-04-21,true,false,AVAILABLE,4,-1.20653988537,false,true,false
v2,quarterly,true_oos,T2,M30,2025-01,GD,2020-01-01,true,false,AVAILABLE,2,-0.493590214886,false,true,false
v2,quarterly,true_oos,T2,M30,2025-01,BR,2020-01-01,true,false,AVAILABLE,1,-1.0024834057,false,true,false
v2,quarterly,true_oos,T2,M30,2025-01,MIX,2020-01-01,true,false,AVAILABLE,1,-1.00000170135,false,true,false
v2,quarterly,true_oos,T2,M30,2025-01,NG,2020-02-03,true,false,AVAILABLE,2,-2.49000382679,false,true,false
v2,quarterly,true_oos,T2,M30,2025-02,Si,2020-01-01,true,false,AVAILABLE,4,6.68705210638,true,false,false
v2,quarterly,true_oos,T2,M30,2025-02,CNY,2022-04-21,true,false,AVAILABLE,7,3.83210567727,true,false,false
v2,quarterly,true_oos,T2,M30,2025-02,GD,2020-01-01,true,false,AVAILABLE,5,-3.20546011832,false,true,false
v2,quarterly,true_oos,T2,M30,2025-02,BR,2020-01-01,true,false,AVAILABLE,2,-1.86157475927,false,true,false
v2,quarterly,true_oos,T2,M30,2025-02,MIX,2020-01-01,true,false,AVAILABLE,7,-4.11030440377,false,true,false
v2,quarterly,true_oos,T2,M30,2025-02,NG,2020-02-03,true,false,NO_TRADES,0,0,false,false,true
v2,quarterly,true_oos,T2,M30,2025-03,Si,2020-01-01,true,false,AVAILABLE,2,-0.390745935777,false,true,false
v2,quarterly,true_oos,T2,M30,2025-03,CNY,2022-04-21,true,false,AVAILABLE,1,-1.01201468618,false,true,false
v2,quarterly,true_oos,T2,M30,2025-03,GD,2020-01-01,true,false,AVAILABLE,4,2.06734292945,true,false,false
v2,quarterly,true_oos,T2,M30,2025-03,BR,2020-01-01,true,false,AVAILABLE,2,0.829488988675,true,false,false
v2,quarterly,true_oos,T2,M30,2025-03,MIX,2020-01-01,true,false,AVAILABLE,6,0.027816066001,true,false,false
v2,quarterly,true_oos,T2,M30,2025-03,NG,2020-02-03,true,false,AVAILABLE,5,-2.74512620593,false,true,false
v2,quarterly,true_oos,T2,M30,2025-04,Si,2020-01-01,true,false,AVAILABLE,2,2.00164844705,true,false,false
v2,quarterly,true_oos,T2,M30,2025-04,CNY,2022-04-21,true,false,AVAILABLE,3,-2.17634663716,false,true,false
v2,quarterly,true_oos,T2,M30,2025-04,GD,2020-01-01,true,false,AVAILABLE,4,6.24139445326,true,false,false
v2,quarterly,true_oos,T2,M30,2025-04,BR,2020-01-01,true,false,AVAILABLE,4,-1.48078136842,false,true,false
v2,quarterly,true_oos,T2,M30,2025-04,MIX,2020-01-01,true,false,AVAILABLE,2,-0.14004681303,false,true,false
v2,quarterly,true_oos,T2,M30,2025-04,NG,2020-02-03,true,false,AVAILABLE,3,-1.89946196205,false,true,false
v2,quarterly,true_oos,T2,M30,2025-05,Si,2020-01-01,true,false,AVAILABLE,3,-1.34196154146,false,true,false
v2,quarterly,true_oos,T2,M30,2025-05,CNY,2022-04-21,true,false,AVAILABLE,5,0.362101716634,true,false,false
v2,quarterly,true_oos,T2,M30,2025-05,GD,2020-01-01,true,false,AVAILABLE,1,-0.367842374621,false,true,false
v2,quarterly,true_oos,T2,M30,2025-05,BR,2020-01-01,true,false,AVAILABLE,3,-0.138448635331,false,true,false
v2,quarterly,true_oos,T2,M30,2025-05,MIX,2020-01-01,true,false,AVAILABLE,3,2.2012462687,true,false,false
v2,quarterly,true_oos,T2,M30,2025-05,NG,2020-02-03,true,false,AVAILABLE,4,0.87471685762,true,false,false
v2,quarterly,true_oos,T2,M30,2025-06,Si,2020-01-01,true,false,AVAILABLE,2,4.43355778021,true,false,false
v2,quarterly,true_oos,T2,M30,2025-06,CNY,2022-04-21,true,false,AVAILABLE,2,-0.085600920545,false,true,false
v2,quarterly,true_oos,T2,M30,2025-06,GD,2020-01-01,true,false,AVAILABLE,1,-1.00018773348,false,true,false
v2,quarterly,true_oos,T2,M30,2025-06,BR,2020-01-01,true,false,AVAILABLE,1,1.1382267661,true,false,false
v2,quarterly,true_oos,T2,M30,2025-06,MIX,2020-01-01,true,false,AVAILABLE,3,-2.86066710826,false,true,false
v2,quarterly,true_oos,T2,M30,2025-06,NG,2020-02-03,true,false,AVAILABLE,5,6.91654849454,true,false,false
v2,quarterly,true_oos,T2,M30,2025-07,Si,2020-01-01,true,false,AVAILABLE,8,-0.871714626975,false,true,false
v2,quarterly,true_oos,T2,M30,2025-07,CNY,2022-04-21,true,false,AVAILABLE,4,-0.845516171698,false,true,false
v2,quarterly,true_oos,T2,M30,2025-07,GD,2020-01-01,true,false,AVAILABLE,2,-2.00050107727,false,true,false
v2,quarterly,true_oos,T2,M30,2025-07,BR,2020-01-01,true,false,NO_TRADES,0,0,false,false,true
v2,quarterly,true_oos,T2,M30,2025-07,MIX,2020-01-01,true,false,AVAILABLE,3,1.22137777782,true,false,false
v2,quarterly,true_oos,T2,M30,2025-07,NG,2020-02-03,true,false,AVAILABLE,4,1.99974102089,true,false,false
v2,quarterly,true_oos,T2,M30,2025-08,Si,2020-01-01,true,false,AVAILABLE,3,-2.9741741642,false,true,false
v2,quarterly,true_oos,T2,M30,2025-08,CNY,2022-04-21,true,false,AVAILABLE,3,-3.07201571044,false,true,false
v2,quarterly,true_oos,T2,M30,2025-08,GD,2020-01-01,true,false,NO_TRADES,0,0,false,false,true
v2,quarterly,true_oos,T2,M30,2025-08,BR,2020-01-01,true,false,AVAILABLE,2,0.309129141972,true,false,false
v2,quarterly,true_oos,T2,M30,2025-08,MIX,2020-01-01,true,false,AVAILABLE,2,-0.717263556017,false,true,false
v2,quarterly,true_oos,T2,M30,2025-08,NG,2020-02-03,true,false,AVAILABLE,4,-4.03180370317,false,true,false
v2,quarterly,true_oos,T2,M30,2025-09,Si,2020-01-01,true,false,AVAILABLE,5,26.2171730469,true,false,false
v2,quarterly,true_oos,T2,M30,2025-09,CNY,2022-04-21,true,false,AVAILABLE,3,0.155382430866,true,false,false
v2,quarterly,true_oos,T2,M30,2025-09,GD,2020-01-01,true,false,AVAILABLE,6,-2.66710549773,false,true,false
v2,quarterly,true_oos,T2,M30,2025-09,BR,2020-01-01,true,false,AVAILABLE,3,-1.22073461541,false,true,false
v2,quarterly,true_oos,T2,M30,2025-09,MIX,2020-01-01,true,false,AVAILABLE,8,-3.7767927915,false,true,false
v2,quarterly,true_oos,T2,M30,2025-09,NG,2020-02-03,true,false,AVAILABLE,3,-1.80331933667,false,true,false
v2,quarterly,true_oos,T2,M30,2025-10,Si,2020-01-01,true,false,AVAILABLE,3,4.18945858905,true,false,false
v2,quarterly,true_oos,T2,M30,2025-10,CNY,2022-04-21,true,false,AVAILABLE,6,1.15109434987,true,false,false
v2,quarterly,true_oos,T2,M30,2025-10,GD,2020-01-01,true,false,AVAILABLE,5,-1.38706684564,false,true,false
v2,quarterly,true_oos,T2,M30,2025-10,BR,2020-01-01,true,false,AVAILABLE,4,-1.67253172454,false,true,false
v2,quarterly,true_oos,T2,M30,2025-10,MIX,2020-01-01,true,false,AVAILABLE,1,-1.00000108761,false,true,false
v2,quarterly,true_oos,T2,M30,2025-10,NG,2020-02-03,true,false,AVAILABLE,4,2.09738304317,true,false,false
v2,quarterly,true_oos,T2,M30,2025-11,Si,2020-01-01,true,false,AVAILABLE,1,-0.845646777733,false,true,false
v2,quarterly,true_oos,T2,M30,2025-11,CNY,2022-04-21,true,false,AVAILABLE,3,-2.44021701802,false,true,false
v2,quarterly,true_oos,T2,M30,2025-11,GD,2020-01-01,true,false,AVAILABLE,3,-1.40558228542,false,true,false
v2,quarterly,true_oos,T2,M30,2025-11,BR,2020-01-01,true,false,NO_TRADES,0,0,false,false,true
v2,quarterly,true_oos,T2,M30,2025-11,MIX,2020-01-01,true,false,AVAILABLE,2,1.30976978671,true,false,false
v2,quarterly,true_oos,T2,M30,2025-11,NG,2020-02-03,true,false,AVAILABLE,3,2.37499554548,true,false,false
v2,quarterly,true_oos,T2,M30,2025-12,Si,2020-01-01,true,false,AVAILABLE,6,-1.81046101911,false,true,false
v2,quarterly,true_oos,T2,M30,2025-12,CNY,2022-04-21,true,false,AVAILABLE,8,0.524610346822,true,false,false
v2,quarterly,true_oos,T2,M30,2025-12,GD,2020-01-01,true,false,AVAILABLE,4,90.1256235631,true,false,false
v2,quarterly,true_oos,T2,M30,2025-12,BR,2020-01-01,true,false,AVAILABLE,2,-0.163113781205,false,true,false
v2,quarterly,true_oos,T2,M30,2025-12,MIX,2020-01-01,true,false,AVAILABLE,4,0.585771290724,true,false,false
v2,quarterly,true_oos,T2,M30,2025-12,NG,2020-02-03,true,false,AVAILABLE,7,-0.9522155317,false,true,false
v2,quarterly,true_oos,T2,M30,2026-01,Si,2020-01-01,true,false,AVAILABLE,5,-0.782532958698,false,true,false
v2,quarterly,true_oos,T2,M30,2026-01,CNY,2022-04-21,true,false,AVAILABLE,5,-2.18794890696,false,true,false
v2,quarterly,true_oos,T2,M30,2026-01,GD,2020-01-01,true,false,AVAILABLE,4,8.8219645522,true,false,false
v2,quarterly,true_oos,T2,M30,2026-01,BR,2020-01-01,true,false,AVAILABLE,3,0.19379039449,true,false,false
v2,quarterly,true_oos,T2,M30,2026-01,MIX,2020-01-01,true,false,AVAILABLE,3,-0.240211113736,false,true,false
v2,quarterly,true_oos,T2,M30,2026-01,NG,2020-02-03,true,false,AVAILABLE,4,9.2545965112,true,false,false
v2,quarterly,true_oos,T2,M30,2026-02,Si,2020-01-01,true,false,AVAILABLE,3,-2.50694498259,false,true,false
v2,quarterly,true_oos,T2,M30,2026-02,CNY,2022-04-21,true,false,AVAILABLE,1,-1.07104847052,false,true,false
v2,quarterly,true_oos,T2,M30,2026-02,GD,2020-01-01,true,false,AVAILABLE,8,-2.94394055064,false,true,false
v2,quarterly,true_oos,T2,M30,2026-02,BR,2020-01-01,true,false,AVAILABLE,4,-1.09560352801,false,true,false
v2,quarterly,true_oos,T2,M30,2026-02,MIX,2020-01-01,true,false,AVAILABLE,1,-1.0000026749,false,true,false
v2,quarterly,true_oos,T2,M30,2026-02,NG,2020-02-03,true,false,AVAILABLE,2,0.24636459609,true,false,false
v2,quarterly,true_oos,T2,M30,2026-03,Si,2020-01-01,true,false,AVAILABLE,8,-0.022235726498,false,true,false
v2,quarterly,true_oos,T2,M30,2026-03,CNY,2022-04-21,true,false,AVAILABLE,5,-3.01684275432,false,true,false
v2,quarterly,true_oos,T2,M30,2026-03,GD,2020-01-01,true,false,AVAILABLE,1,-0.934741004839,false,true,false
v2,quarterly,true_oos,T2,M30,2026-03,BR,2020-01-01,true,false,AVAILABLE,6,4.39699267415,true,false,false
v2,quarterly,true_oos,T2,M30,2026-03,MIX,2020-01-01,true,false,AVAILABLE,7,8.20942600787,true,false,false
v2,quarterly,true_oos,T2,M30,2026-03,NG,2020-02-03,true,false,AVAILABLE,3,-1.30039084177,false,true,false
v2,quarterly,true_oos,T2,M30,2026-04,Si,2020-01-01,true,false,AVAILABLE,4,1.76360946861,true,false,false
v2,quarterly,true_oos,T2,M30,2026-04,CNY,2022-04-21,true,false,AVAILABLE,2,1.38337746439,true,false,false
v2,quarterly,true_oos,T2,M30,2026-04,GD,2020-01-01,true,false,AVAILABLE,2,14.6278583914,true,false,false
v2,quarterly,true_oos,T2,M30,2026-04,BR,2020-01-01,true,false,AVAILABLE,5,3.19686153136,true,false,false
v2,quarterly,true_oos,T2,M30,2026-04,MIX,2020-01-01,true,false,AVAILABLE,5,-0.803039293385,false,true,false
v2,quarterly,true_oos,T2,M30,2026-04,NG,2020-02-03,true,false,AVAILABLE,4,3.51295051281,true,false,false
v2,quarterly,true_oos,T2,M30,2026-05,Si,2020-01-01,true,false,AVAILABLE,1,0.528416046461,true,false,false
v2,quarterly,true_oos,T2,M30,2026-05,CNY,2022-04-21,true,false,AVAILABLE,1,-0.417028184365,false,true,false
v2,quarterly,true_oos,T2,M30,2026-05,GD,2020-01-01,true,false,AVAILABLE,5,-1.80658135144,false,true,false
v2,quarterly,true_oos,T2,M30,2026-05,BR,2020-01-01,true,false,AVAILABLE,3,-2.29330065984,false,true,false
v2,quarterly,true_oos,T2,M30,2026-05,MIX,2020-01-01,true,false,AVAILABLE,2,-0.332063256681,false,true,false
v2,quarterly,true_oos,T2,M30,2026-05,NG,2020-02-03,true,false,AVAILABLE,6,-4.15267621069,false,true,false
v2,quarterly,true_oos,T2,M30,2026-06,Si,2020-01-01,true,false,AVAILABLE,3,-1.21201949876,false,true,false
v2,quarterly,true_oos,T2,M30,2026-06,CNY,2022-04-21,true,false,AVAILABLE,4,-1.99613096372,false,true,false
v2,quarterly,true_oos,T2,M30,2026-06,GD,2020-01-01,true,false,AVAILABLE,4,2.35092232407,true,false,false
v2,quarterly,true_oos,T2,M30,2026-06,BR,2020-01-01,true,false,AVAILABLE,4,1.34777393153,true,false,false
v2,quarterly,true_oos,T2,M30,2026-06,MIX,2020-01-01,true,false,AVAILABLE,5,4.59104508586,true,false,false
v2,quarterly,true_oos,T2,M30,2026-06,NG,2020-02-03,true,false,AVAILABLE,4,0.037067894863,true,false,false
v2,quarterly,true_oos,T2,M30,2026-07,Si,2020-01-01,true,false,AVAILABLE,5,-2.17410359835,false,true,false
v2,quarterly,true_oos,T2,M30,2026-07,CNY,2022-04-21,true,false,AVAILABLE,5,-2.41665923715,false,true,false
v2,quarterly,true_oos,T2,M30,2026-07,GD,2020-01-01,true,false,AVAILABLE,3,0.420725930401,true,false,false
v2,quarterly,true_oos,T2,M30,2026-07,BR,2020-01-01,true,false,AVAILABLE,4,11.1902048307,true,false,false
v2,quarterly,true_oos,T2,M30,2026-07,MIX,2020-01-01,true,false,AVAILABLE,8,4.87132761084,true,false,false
v2,quarterly,true_oos,T2,M30,2026-07,NG,2020-02-03,true,false,AVAILABLE,2,-1.14368591052,false,true,false
v2,quarterly,true_oos,T2,M30,2026-08,Si,2020-01-01,true,false,AVAILABLE,7,-0.749142422379,false,true,false
v2,quarterly,true_oos,T2,M30,2026-08,CNY,2022-04-21,true,false,AVAILABLE,5,2.44531792339,true,false,false
v2,quarterly,true_oos,T2,M30,2026-08,GD,2020-01-01,true,false,AVAILABLE,2,-0.669169644886,false,true,false
v2,quarterly,true_oos,T2,M30,2026-08,BR,2020-01-01,true,false,AVAILABLE,4,-2.07181959768,false,true,false
v2,quarterly,true_oos,T2,M30,2026-08,MIX,2020-01-01,true,false,AVAILABLE,5,-1.695620425,false,true,false
v2,quarterly,true_oos,T2,M30,2026-08,NG,2020-02-03,true,false,AVAILABLE,2,-1.28681180078,false,true,false
v2,quarterly,true_oos,T2,M30,2026-09,Si,2020-01-01,true,false,AVAILABLE,1,-1.00000535295,false,true,false
v2,quarterly,true_oos,T2,M30,2026-09,CNY,2022-04-21,true,false,AVAILABLE,1,-1.04312869538,false,true,false
v2,quarterly,true_oos,T2,M30,2026-09,GD,2020-01-01,true,false,NO_TRADES,0,0,false,false,true
v2,quarterly,true_oos,T2,M30,2026-09,BR,2020-01-01,true,false,AVAILABLE,4,-0.167428016253,false,true,false
v2,quarterly,true_oos,T2,M30,2026-09,MIX,2020-01-01,true,false,AVAILABLE,4,-1.82737089386,false,true,false
v2,quarterly,true_oos,T2,M30,2026-09,NG,2020-02-03,true,false,AVAILABLE,1,-0.783681543547,false,true,false
v2,quarterly,true_oos,T2,H1,2025-01,Si,2020-01-01,true,false,NO_TRADES,0,0,false,false,true
v2,quarterly,true_oos,T2,H1,2025-01,CNY,2022-04-21,true,false,AVAILABLE,3,-0.268382180799,false,true,false
v2,quarterly,true_oos,T2,H1,2025-01,GD,2020-01-01,true,false,NO_TRADES,0,0,false,false,true
v2,quarterly,true_oos,T2,H1,2025-01,BR,2020-01-01,true,false,AVAILABLE,1,-1.00508614603,false,true,false
v2,quarterly,true_oos,T2,H1,2025-01,MIX,2020-01-01,true,false,NO_TRADES,0,0,false,false,true
v2,quarterly,true_oos,T2,H1,2025-01,NG,2020-02-03,true,false,AVAILABLE,1,-1.38627345175,false,true,false
v2,quarterly,true_oos,T2,H1,2025-02,Si,2020-01-01,true,false,AVAILABLE,1,1.41013719835,true,false,false
v2,quarterly,true_oos,T2,H1,2025-02,CNY,2022-04-21,true,false,AVAILABLE,1,1.78308786774,true,false,false
v2,quarterly,true_oos,T2,H1,2025-02,GD,2020-01-01,true,false,AVAILABLE,4,-1.104129741,false,true,false
v2,quarterly,true_oos,T2,H1,2025-02,BR,2020-01-01,true,false,AVAILABLE,1,-0.650045092361,false,true,false
v2,quarterly,true_oos,T2,H1,2025-02,MIX,2020-01-01,true,false,AVAILABLE,3,0.535411099802,true,false,false
v2,quarterly,true_oos,T2,H1,2025-02,NG,2020-02-03,true,false,AVAILABLE,4,1.60393889766,true,false,false
v2,quarterly,true_oos,T2,H1,2025-03,Si,2020-01-01,true,false,NO_TRADES,0,0,false,false,true
v2,quarterly,true_oos,T2,H1,2025-03,CNY,2022-04-21,true,false,AVAILABLE,1,-0.657778075235,false,true,false
v2,quarterly,true_oos,T2,H1,2025-03,GD,2020-01-01,true,false,AVAILABLE,1,-0.352850887555,false,true,false
v2,quarterly,true_oos,T2,H1,2025-03,BR,2020-01-01,true,false,AVAILABLE,1,-1.00280255219,false,true,false
v2,quarterly,true_oos,T2,H1,2025-03,MIX,2020-01-01,true,false,AVAILABLE,3,-1.74942833128,false,true,false
v2,quarterly,true_oos,T2,H1,2025-03,NG,2020-02-03,true,false,AVAILABLE,3,0.359414783955,true,false,false
v2,quarterly,true_oos,T2,H1,2025-04,Si,2020-01-01,true,false,AVAILABLE,2,0.284315740531,true,false,false
v2,quarterly,true_oos,T2,H1,2025-04,CNY,2022-04-21,true,false,AVAILABLE,1,-0.813084300942,false,true,false
v2,quarterly,true_oos,T2,H1,2025-04,GD,2020-01-01,true,false,AVAILABLE,1,3.95450441467,true,false,false
v2,quarterly,true_oos,T2,H1,2025-04,BR,2020-01-01,true,false,AVAILABLE,2,0.767921401601,true,false,false
v2,quarterly,true_oos,T2,H1,2025-04,MIX,2020-01-01,true,false,AVAILABLE,1,-1.00000096107,false,true,false
v2,quarterly,true_oos,T2,H1,2025-04,NG,2020-02-03,true,false,AVAILABLE,4,-0.530308178905,false,true,false
v2,quarterly,true_oos,T2,H1,2025-05,Si,2020-01-01,true,false,AVAILABLE,3,-2.7384577864,false,true,false
v2,quarterly,true_oos,T2,H1,2025-05,CNY,2022-04-21,true,false,AVAILABLE,1,-0.601501256069,false,true,false
v2,quarterly,true_oos,T2,H1,2025-05,GD,2020-01-01,true,false,AVAILABLE,3,-1.74658631614,false,true,false
v2,quarterly,true_oos,T2,H1,2025-05,BR,2020-01-01,true,false,AVAILABLE,1,-0.63941990919,false,true,false
v2,quarterly,true_oos,T2,H1,2025-05,MIX,2020-01-01,true,false,AVAILABLE,3,-0.224963160769,false,true,false
v2,quarterly,true_oos,T2,H1,2025-05,NG,2020-02-03,true,false,AVAILABLE,1,1.73817926596,true,false,false
v2,quarterly,true_oos,T2,H1,2025-06,Si,2020-01-01,true,false,AVAILABLE,3,5.29245974647,true,false,false
v2,quarterly,true_oos,T2,H1,2025-06,CNY,2022-04-21,true,false,AVAILABLE,2,-1.60381919139,false,true,false
v2,quarterly,true_oos,T2,H1,2025-06,GD,2020-01-01,true,false,NO_TRADES,0,0,false,false,true
v2,quarterly,true_oos,T2,H1,2025-06,BR,2020-01-01,true,false,AVAILABLE,2,-0.191110879285,false,true,false
v2,quarterly,true_oos,T2,H1,2025-06,MIX,2020-01-01,true,false,AVAILABLE,4,-1.80097486203,false,true,false
v2,quarterly,true_oos,T2,H1,2025-06,NG,2020-02-03,true,false,AVAILABLE,3,-2.09871080306,false,true,false
v2,quarterly,true_oos,T2,H1,2025-07,Si,2020-01-01,true,false,AVAILABLE,4,-1.96604345551,false,true,false
v2,quarterly,true_oos,T2,H1,2025-07,CNY,2022-04-21,true,false,AVAILABLE,3,-1.54830378952,false,true,false
v2,quarterly,true_oos,T2,H1,2025-07,GD,2020-01-01,true,false,NO_TRADES,0,0,false,false,true
v2,quarterly,true_oos,T2,H1,2025-07,BR,2020-01-01,true,false,AVAILABLE,3,-1.11878152464,false,true,false
v2,quarterly,true_oos,T2,H1,2025-07,MIX,2020-01-01,true,false,AVAILABLE,2,-0.962568867791,false,true,false
v2,quarterly,true_oos,T2,H1,2025-07,NG,2020-02-03,true,false,AVAILABLE,2,0.96416793833,true,false,false
v2,quarterly,true_oos,T2,H1,2025-08,Si,2020-01-01,true,false,AVAILABLE,1,-1.00000619304,false,true,false
v2,quarterly,true_oos,T2,H1,2025-08,CNY,2022-04-21,true,false,AVAILABLE,2,-0.984986159465,false,true,false
v2,quarterly,true_oos,T2,H1,2025-08,GD,2020-01-01,true,false,AVAILABLE,3,-1.89985588658,false,true,false
v2,quarterly,true_oos,T2,H1,2025-08,BR,2020-01-01,true,false,AVAILABLE,3,0.57258441267,true,false,false
v2,quarterly,true_oos,T2,H1,2025-08,MIX,2020-01-01,true,false,AVAILABLE,2,-0.864975940719,false,true,false
v2,quarterly,true_oos,T2,H1,2025-08,NG,2020-02-03,true,false,AVAILABLE,4,1.02226442962,true,false,false
v2,quarterly,true_oos,T2,H1,2025-09,Si,2020-01-01,true,false,NO_TRADES,0,0,false,false,true
v2,quarterly,true_oos,T2,H1,2025-09,CNY,2022-04-21,true,false,NO_TRADES,0,0,false,false,true
v2,quarterly,true_oos,T2,H1,2025-09,GD,2020-01-01,true,false,AVAILABLE,4,-0.190820174558,false,true,false
v2,quarterly,true_oos,T2,H1,2025-09,BR,2020-01-01,true,false,AVAILABLE,5,0.487795508433,true,false,false
v2,quarterly,true_oos,T2,H1,2025-09,MIX,2020-01-01,true,false,AVAILABLE,3,0.0062430638504,true,false,false
v2,quarterly,true_oos,T2,H1,2025-09,NG,2020-02-03,true,false,AVAILABLE,3,-1.13452297808,false,true,false
v2,quarterly,true_oos,T2,H1,2025-10,Si,2020-01-01,true,false,AVAILABLE,2,-1.13277127373,false,true,false
v2,quarterly,true_oos,T2,H1,2025-10,CNY,2022-04-21,true,false,AVAILABLE,2,-0.976613442456,false,true,false
v2,quarterly,true_oos,T2,H1,2025-10,GD,2020-01-01,true,false,AVAILABLE,1,0.0584689682651,true,false,false
v2,quarterly,true_oos,T2,H1,2025-10,BR,2020-01-01,true,false,AVAILABLE,4,-2.36260499568,false,true,false
v2,quarterly,true_oos,T2,H1,2025-10,MIX,2020-01-01,true,false,AVAILABLE,4,1.59605720714,true,false,false
v2,quarterly,true_oos,T2,H1,2025-10,NG,2020-02-03,true,false,AVAILABLE,2,-2.10380958717,false,true,false
v2,quarterly,true_oos,T2,H1,2025-11,Si,2020-01-01,true,false,AVAILABLE,4,4.92985822349,true,false,false
v2,quarterly,true_oos,T2,H1,2025-11,CNY,2022-04-21,true,false,AVAILABLE,2,6.20636381937,true,false,false
v2,quarterly,true_oos,T2,H1,2025-11,GD,2020-01-01,true,false,AVAILABLE,2,3.5873288108,true,false,false
v2,quarterly,true_oos,T2,H1,2025-11,BR,2020-01-01,true,false,NO_TRADES,0,0,false,false,true
v2,quarterly,true_oos,T2,H1,2025-11,MIX,2020-01-01,true,false,AVAILABLE,3,-1.06157090989,false,true,false
v2,quarterly,true_oos,T2,H1,2025-11,NG,2020-02-03,true,false,AVAILABLE,7,-5.72531307471,false,true,false
v2,quarterly,true_oos,T2,H1,2025-12,Si,2020-01-01,true,false,AVAILABLE,5,1.65156800059,true,false,false
v2,quarterly,true_oos,T2,H1,2025-12,CNY,2022-04-21,true,false,AVAILABLE,3,-1.34889415673,false,true,false
v2,quarterly,true_oos,T2,H1,2025-12,GD,2020-01-01,true,false,AVAILABLE,3,4.42992758912,true,false,false
v2,quarterly,true_oos,T2,H1,2025-12,BR,2020-01-01,true,false,AVAILABLE,3,-0.362710278272,false,true,false
v2,quarterly,true_oos,T2,H1,2025-12,MIX,2020-01-01,true,false,AVAILABLE,3,0.996701485771,true,false,false
v2,quarterly,true_oos,T2,H1,2025-12,NG,2020-02-03,true,false,AVAILABLE,6,2.304531755,true,false,false
v2,quarterly,true_oos,T2,H1,2026-01,Si,2020-01-01,true,false,AVAILABLE,1,-0.219006375403,false,true,false
v2,quarterly,true_oos,T2,H1,2026-01,CNY,2022-04-21,true,false,AVAILABLE,1,-0.146127626042,false,true,false
v2,quarterly,true_oos,T2,H1,2026-01,GD,2020-01-01,true,false,AVAILABLE,4,3.47894980919,true,false,false
v2,quarterly,true_oos,T2,H1,2026-01,BR,2020-01-01,true,false,AVAILABLE,2,3.4588931765,true,false,false
v2,quarterly,true_oos,T2,H1,2026-01,MIX,2020-01-01,true,false,AVAILABLE,4,-2.35146967045,false,true,false
v2,quarterly,true_oos,T2,H1,2026-01,NG,2020-02-03,true,false,AVAILABLE,3,1.7649890219,true,false,false
v2,quarterly,true_oos,T2,H1,2026-02,Si,2020-01-01,true,false,AVAILABLE,1,-0.665132464892,false,true,false
v2,quarterly,true_oos,T2,H1,2026-02,CNY,2022-04-21,true,false,AVAILABLE,2,-1.59726904245,false,true,false
v2,quarterly,true_oos,T2,H1,2026-02,GD,2020-01-01,true,false,AVAILABLE,1,0.167225179571,true,false,false
v2,quarterly,true_oos,T2,H1,2026-02,BR,2020-01-01,true,false,AVAILABLE,4,1.28150667553,true,false,false
v2,quarterly,true_oos,T2,H1,2026-02,MIX,2020-01-01,true,false,AVAILABLE,1,0.152743107273,true,false,false
v2,quarterly,true_oos,T2,H1,2026-02,NG,2020-02-03,true,false,AVAILABLE,4,0.933502290413,true,false,false
v2,quarterly,true_oos,T2,H1,2026-03,Si,2020-01-01,true,false,AVAILABLE,1,-0.0871992708705,false,true,false
v2,quarterly,true_oos,T2,H1,2026-03,CNY,2022-04-21,true,false,AVAILABLE,1,-1.0187062605,false,true,false
v2,quarterly,true_oos,T2,H1,2026-03,GD,2020-01-01,true,false,AVAILABLE,3,15.9290089278,true,false,false
v2,quarterly,true_oos,T2,H1,2026-03,BR,2020-01-01,true,false,AVAILABLE,5,4.62833214152,true,false,false
v2,quarterly,true_oos,T2,H1,2026-03,MIX,2020-01-01,true,false,AVAILABLE,3,0.42003894367,true,false,false
v2,quarterly,true_oos,T2,H1,2026-03,NG,2020-02-03,true,false,AVAILABLE,4,-1.88067094291,false,true,false
v2,quarterly,true_oos,T2,H1,2026-04,Si,2020-01-01,true,false,AVAILABLE,4,1.03810846963,true,false,false
v2,quarterly,true_oos,T2,H1,2026-04,CNY,2022-04-21,true,false,AVAILABLE,5,-2.60160932539,false,true,false
v2,quarterly,true_oos,T2,H1,2026-04,GD,2020-01-01,true,false,AVAILABLE,1,0.476707802664,true,false,false
v2,quarterly,true_oos,T2,H1,2026-04,BR,2020-01-01,true,false,AVAILABLE,5,1.10234344432,true,false,false
v2,quarterly,true_oos,T2,H1,2026-04,MIX,2020-01-01,true,false,AVAILABLE,3,2.41124845692,true,false,false
v2,quarterly,true_oos,T2,H1,2026-04,NG,2020-02-03,true,false,NO_TRADES,0,0,false,false,true
v2,quarterly,true_oos,T2,H1,2026-05,Si,2020-01-01,true,false,AVAILABLE,2,13.4022923511,true,false,false
v2,quarterly,true_oos,T2,H1,2026-05,CNY,2022-04-21,true,false,AVAILABLE,1,0.424264304953,true,false,false
v2,quarterly,true_oos,T2,H1,2026-05,GD,2020-01-01,true,false,AVAILABLE,1,0.739222284455,true,false,false
v2,quarterly,true_oos,T2,H1,2026-05,BR,2020-01-01,true,false,AVAILABLE,1,-1.00250407159,false,true,false
v2,quarterly,true_oos,T2,H1,2026-05,MIX,2020-01-01,true,false,AVAILABLE,3,1.00315793912,true,false,false
v2,quarterly,true_oos,T2,H1,2026-05,NG,2020-02-03,true,false,AVAILABLE,2,0.119366819075,true,false,false
v2,quarterly,true_oos,T2,H1,2026-06,Si,2020-01-01,true,false,AVAILABLE,4,-1.63903189266,false,true,false
v2,quarterly,true_oos,T2,H1,2026-06,CNY,2022-04-21,true,false,AVAILABLE,3,-3.10428712441,false,true,false
v2,quarterly,true_oos,T2,H1,2026-06,GD,2020-01-01,true,false,AVAILABLE,3,1.6468160403,true,false,false
v2,quarterly,true_oos,T2,H1,2026-06,BR,2020-01-01,true,false,AVAILABLE,1,-1.00158777747,false,true,false
v2,quarterly,true_oos,T2,H1,2026-06,MIX,2020-01-01,true,false,AVAILABLE,2,-1.19055377139,false,true,false
v2,quarterly,true_oos,T2,H1,2026-06,NG,2020-02-03,true,false,AVAILABLE,1,-0.0270798385688,false,true,false
v2,quarterly,true_oos,T2,H1,2026-07,Si,2020-01-01,true,false,AVAILABLE,1,-0.425520225943,false,true,false
v2,quarterly,true_oos,T2,H1,2026-07,CNY,2022-04-21,true,false,NO_TRADES,0,0,false,false,true
v2,quarterly,true_oos,T2,H1,2026-07,GD,2020-01-01,true,false,AVAILABLE,5,-5.83438308724,false,true,false
v2,quarterly,true_oos,T2,H1,2026-07,BR,2020-01-01,true,false,AVAILABLE,4,7.65775736606,true,false,false
v2,quarterly,true_oos,T2,H1,2026-07,MIX,2020-01-01,true,false,AVAILABLE,2,-1.07623725522,false,true,false
v2,quarterly,true_oos,T2,H1,2026-07,NG,2020-02-03,true,false,AVAILABLE,4,-0.610794673034,false,true,false
v2,quarterly,true_oos,T2,H1,2026-08,Si,2020-01-01,true,false,AVAILABLE,4,4.8049328061,true,false,false
v2,quarterly,true_oos,T2,H1,2026-08,CNY,2022-04-21,true,false,AVAILABLE,4,6.69180648029,true,false,false
v2,quarterly,true_oos,T2,H1,2026-08,GD,2020-01-01,true,false,AVAILABLE,4,-1.79010437427,false,true,false
v2,quarterly,true_oos,T2,H1,2026-08,BR,2020-01-01,true,false,AVAILABLE,3,0.640872195996,true,false,false
v2,quarterly,true_oos,T2,H1,2026-08,MIX,2020-01-01,true,false,AVAILABLE,1,-0.928149269768,false,true,false
v2,quarterly,true_oos,T2,H1,2026-08,NG,2020-02-03,true,false,AVAILABLE,1,-0.0364172491892,false,true,false
v2,quarterly,true_oos,T2,H1,2026-09,Si,2020-01-01,true,false,AVAILABLE,1,-1.00000512736,false,true,false
v2,quarterly,true_oos,T2,H1,2026-09,CNY,2022-04-21,true,false,AVAILABLE,2,-1.28583301995,false,true,false
v2,quarterly,true_oos,T2,H1,2026-09,GD,2020-01-01,true,false,AVAILABLE,3,-0.299856536262,false,true,false
v2,quarterly,true_oos,T2,H1,2026-09,BR,2020-01-01,true,false,AVAILABLE,3,2.08727494469,true,false,false
v2,quarterly,true_oos,T2,H1,2026-09,MIX,2020-01-01,true,false,AVAILABLE,1,-1.00000106182,false,true,false
v2,quarterly,true_oos,T2,H1,2026-09,NG,2020-02-03,true,false,AVAILABLE,2,-2.54175377513,false,true,false
v2,quarterly,true_oos,T3,M30,2025-01,Si,2020-01-01,true,false,AVAILABLE,5,-1.07231885704,false,true,false
v2,quarterly,true_oos,T3,M30,2025-01,CNY,2022-04-21,true,false,AVAILABLE,4,0.064973631219,true,false,false
v2,quarterly,true_oos,T3,M30,2025-01,GD,2020-01-01,true,false,AVAILABLE,2,-2.00083873294,false,true,false
v2,quarterly,true_oos,T3,M30,2025-01,BR,2020-01-01,true,false,AVAILABLE,2,-1.8162194085,false,true,false
v2,quarterly,true_oos,T3,M30,2025-01,MIX,2020-01-01,true,false,AVAILABLE,1,0.333799708475,true,false,false
v2,quarterly,true_oos,T3,M30,2025-01,NG,2020-02-03,true,false,NO_TRADES,0,0,false,false,true
v2,quarterly,true_oos,T3,M30,2025-02,Si,2020-01-01,true,false,AVAILABLE,5,2.07207747799,true,false,false
v2,quarterly,true_oos,T3,M30,2025-02,CNY,2022-04-21,true,false,AVAILABLE,5,0.464861457991,true,false,false
v2,quarterly,true_oos,T3,M30,2025-02,GD,2020-01-01,true,false,AVAILABLE,8,4.78270960628,true,false,false
v2,quarterly,true_oos,T3,M30,2025-02,BR,2020-01-01,true,false,AVAILABLE,5,-1.88744673202,false,true,false
v2,quarterly,true_oos,T3,M30,2025-02,MIX,2020-01-01,true,false,AVAILABLE,7,3.0306921769,true,false,false
v2,quarterly,true_oos,T3,M30,2025-02,NG,2020-02-03,true,false,AVAILABLE,9,1.66467413589,true,false,false
v2,quarterly,true_oos,T3,M30,2025-03,Si,2020-01-01,true,false,AVAILABLE,4,-1.21670936464,false,true,false
v2,quarterly,true_oos,T3,M30,2025-03,CNY,2022-04-21,true,false,AVAILABLE,4,-2.10636021618,false,true,false
v2,quarterly,true_oos,T3,M30,2025-03,GD,2020-01-01,true,false,AVAILABLE,5,1.0493107244,true,false,false
v2,quarterly,true_oos,T3,M30,2025-03,BR,2020-01-01,true,false,AVAILABLE,4,-0.340510897804,false,true,false
v2,quarterly,true_oos,T3,M30,2025-03,MIX,2020-01-01,true,false,AVAILABLE,5,3.15726952356,true,false,false
v2,quarterly,true_oos,T3,M30,2025-03,NG,2020-02-03,true,false,AVAILABLE,2,1.06205429404,true,false,false
v2,quarterly,true_oos,T3,M30,2025-04,Si,2020-01-01,true,false,AVAILABLE,2,-1.74464845238,false,true,false
v2,quarterly,true_oos,T3,M30,2025-04,CNY,2022-04-21,true,false,AVAILABLE,4,-3.39182362504,false,true,false
v2,quarterly,true_oos,T3,M30,2025-04,GD,2020-01-01,true,false,AVAILABLE,6,0.00265466405,true,false,false
v2,quarterly,true_oos,T3,M30,2025-04,BR,2020-01-01,true,false,AVAILABLE,7,7.19023089415,true,false,false
v2,quarterly,true_oos,T3,M30,2025-04,MIX,2020-01-01,true,false,AVAILABLE,9,1.95807099243,true,false,false
v2,quarterly,true_oos,T3,M30,2025-04,NG,2020-02-03,true,false,AVAILABLE,4,1.38264128209,true,false,false
v2,quarterly,true_oos,T3,M30,2025-05,Si,2020-01-01,true,false,AVAILABLE,7,-1.61740559432,false,true,false
v2,quarterly,true_oos,T3,M30,2025-05,CNY,2022-04-21,true,false,AVAILABLE,6,-5.8781565416,false,true,false
v2,quarterly,true_oos,T3,M30,2025-05,GD,2020-01-01,true,false,AVAILABLE,4,-0.452928367059,false,true,false
v2,quarterly,true_oos,T3,M30,2025-05,BR,2020-01-01,true,false,AVAILABLE,3,-0.361131850932,false,true,false
v2,quarterly,true_oos,T3,M30,2025-05,MIX,2020-01-01,true,false,AVAILABLE,3,4.63084697129,true,false,false
v2,quarterly,true_oos,T3,M30,2025-05,NG,2020-02-03,true,false,AVAILABLE,3,1.98323048133,true,false,false
v2,quarterly,true_oos,T3,M30,2025-06,Si,2020-01-01,true,false,AVAILABLE,3,1.8493718319,true,false,false
v2,quarterly,true_oos,T3,M30,2025-06,CNY,2022-04-21,true,false,AVAILABLE,4,-2.96190579355,false,true,false
v2,quarterly,true_oos,T3,M30,2025-06,GD,2020-01-01,true,false,AVAILABLE,5,-3.37629959651,false,true,false
v2,quarterly,true_oos,T3,M30,2025-06,BR,2020-01-01,true,false,AVAILABLE,5,9.03275983109,true,false,false
v2,quarterly,true_oos,T3,M30,2025-06,MIX,2020-01-01,true,false,AVAILABLE,3,-2.18225819077,false,true,false
v2,quarterly,true_oos,T3,M30,2025-06,NG,2020-02-03,true,false,AVAILABLE,6,4.65531238221,true,false,false
v2,quarterly,true_oos,T3,M30,2025-07,Si,2020-01-01,true,false,AVAILABLE,4,10.2992895647,true,false,false
v2,quarterly,true_oos,T3,M30,2025-07,CNY,2022-04-21,true,false,AVAILABLE,6,7.79900324727,true,false,false
v2,quarterly,true_oos,T3,M30,2025-07,GD,2020-01-01,true,false,AVAILABLE,5,-3.01279481825,false,true,false
v2,quarterly,true_oos,T3,M30,2025-07,BR,2020-01-01,true,false,AVAILABLE,3,2.67336472898,true,false,false
v2,quarterly,true_oos,T3,M30,2025-07,MIX,2020-01-01,true,false,AVAILABLE,5,6.81355283407,true,false,false
v2,quarterly,true_oos,T3,M30,2025-07,NG,2020-02-03,true,false,AVAILABLE,6,4.42556423783,true,false,false
v2,quarterly,true_oos,T3,M30,2025-08,Si,2020-01-01,true,false,AVAILABLE,1,-0.609092581163,false,true,false
v2,quarterly,true_oos,T3,M30,2025-08,CNY,2022-04-21,true,false,AVAILABLE,1,-0.521601065956,false,true,false
v2,quarterly,true_oos,T3,M30,2025-08,GD,2020-01-01,true,false,AVAILABLE,6,2.02581056708,true,false,false
v2,quarterly,true_oos,T3,M30,2025-08,BR,2020-01-01,true,false,AVAILABLE,8,-4.8646517771,false,true,false
v2,quarterly,true_oos,T3,M30,2025-08,MIX,2020-01-01,true,false,AVAILABLE,6,-0.140527463451,false,true,false
v2,quarterly,true_oos,T3,M30,2025-08,NG,2020-02-03,true,false,AVAILABLE,5,-3.53234560313,false,true,false
v2,quarterly,true_oos,T3,M30,2025-09,Si,2020-01-01,true,false,AVAILABLE,4,13.4790306208,true,false,false
v2,quarterly,true_oos,T3,M30,2025-09,CNY,2022-04-21,true,false,AVAILABLE,3,13.3372072996,true,false,false
v2,quarterly,true_oos,T3,M30,2025-09,GD,2020-01-01,true,false,AVAILABLE,8,-1.703542781,false,true,false
v2,quarterly,true_oos,T3,M30,2025-09,BR,2020-01-01,true,false,AVAILABLE,9,-0.472163842772,false,true,false
v2,quarterly,true_oos,T3,M30,2025-09,MIX,2020-01-01,true,false,AVAILABLE,7,5.7237802254,true,false,false
v2,quarterly,true_oos,T3,M30,2025-09,NG,2020-02-03,true,false,AVAILABLE,6,-1.73068759689,false,true,false
v2,quarterly,true_oos,T3,M30,2025-10,Si,2020-01-01,true,false,AVAILABLE,8,-1.35611723924,false,true,false
v2,quarterly,true_oos,T3,M30,2025-10,CNY,2022-04-21,true,false,AVAILABLE,8,1.53596579685,true,false,false
v2,quarterly,true_oos,T3,M30,2025-10,GD,2020-01-01,true,false,AVAILABLE,11,5.19652141786,true,false,false
v2,quarterly,true_oos,T3,M30,2025-10,BR,2020-01-01,true,false,AVAILABLE,9,3.55676039825,true,false,false
v2,quarterly,true_oos,T3,M30,2025-10,MIX,2020-01-01,true,false,AVAILABLE,11,6.19965232463,true,false,false
v2,quarterly,true_oos,T3,M30,2025-10,NG,2020-02-03,true,false,AVAILABLE,11,1.82743270244,true,false,false
v2,quarterly,true_oos,T3,M30,2025-11,Si,2020-01-01,true,false,AVAILABLE,2,2.15955142251,true,false,false
v2,quarterly,true_oos,T3,M30,2025-11,CNY,2022-04-21,true,false,AVAILABLE,3,2.71718318138,true,false,false
v2,quarterly,true_oos,T3,M30,2025-11,GD,2020-01-01,true,false,AVAILABLE,4,2.56623790536,true,false,false
v2,quarterly,true_oos,T3,M30,2025-11,BR,2020-01-01,true,false,NO_TRADES,0,0,false,false,true
v2,quarterly,true_oos,T3,M30,2025-11,MIX,2020-01-01,true,false,AVAILABLE,5,-1.5968491614,false,true,false
v2,quarterly,true_oos,T3,M30,2025-11,NG,2020-02-03,true,false,AVAILABLE,7,-5.66451695239,false,true,false
v2,quarterly,true_oos,T3,M30,2025-12,Si,2020-01-01,true,false,AVAILABLE,9,-1.09250730154,false,true,false
v2,quarterly,true_oos,T3,M30,2025-12,CNY,2022-04-21,true,false,AVAILABLE,7,-2.26350736857,false,true,false
v2,quarterly,true_oos,T3,M30,2025-12,GD,2020-01-01,true,false,AVAILABLE,4,2.58357821836,true,false,false
v2,quarterly,true_oos,T3,M30,2025-12,BR,2020-01-01,true,false,AVAILABLE,7,-4.44056322818,false,true,false
v2,quarterly,true_oos,T3,M30,2025-12,MIX,2020-01-01,true,false,AVAILABLE,4,-3.50435675451,false,true,false
v2,quarterly,true_oos,T3,M30,2025-12,NG,2020-02-03,true,false,AVAILABLE,10,5.71849196025,true,false,false
v2,quarterly,true_oos,T3,M30,2026-01,Si,2020-01-01,true,false,AVAILABLE,2,0.874143917804,true,false,false
v2,quarterly,true_oos,T3,M30,2026-01,CNY,2022-04-21,true,false,AVAILABLE,4,2.99859969327,true,false,false
v2,quarterly,true_oos,T3,M30,2026-01,GD,2020-01-01,true,false,AVAILABLE,10,7.29207217084,true,false,false
v2,quarterly,true_oos,T3,M30,2026-01,BR,2020-01-01,true,false,AVAILABLE,10,3.1720881553,true,false,false
v2,quarterly,true_oos,T3,M30,2026-01,MIX,2020-01-01,true,false,AVAILABLE,4,-2.38923810268,false,true,false
v2,quarterly,true_oos,T3,M30,2026-01,NG,2020-02-03,true,false,AVAILABLE,13,-1.66394439153,false,true,false
v2,quarterly,true_oos,T3,M30,2026-02,Si,2020-01-01,true,false,AVAILABLE,2,-1.61825808825,false,true,false
v2,quarterly,true_oos,T3,M30,2026-02,CNY,2022-04-21,true,false,AVAILABLE,5,-4.17006222642,false,true,false
v2,quarterly,true_oos,T3,M30,2026-02,GD,2020-01-01,true,false,AVAILABLE,3,-3.00024314373,false,true,false
v2,quarterly,true_oos,T3,M30,2026-02,BR,2020-01-01,true,false,AVAILABLE,6,-1.44419979925,false,true,false
v2,quarterly,true_oos,T3,M30,2026-02,MIX,2020-01-01,true,false,AVAILABLE,2,-0.6782698177,false,true,false
v2,quarterly,true_oos,T3,M30,2026-02,NG,2020-02-03,true,false,AVAILABLE,1,-0.854369129024,false,true,false
v2,quarterly,true_oos,T3,M30,2026-03,Si,2020-01-01,true,false,AVAILABLE,6,8.91850828301,true,false,false
v2,quarterly,true_oos,T3,M30,2026-03,CNY,2022-04-21,true,false,AVAILABLE,5,7.55554550689,true,false,false
v2,quarterly,true_oos,T3,M30,2026-03,GD,2020-01-01,true,false,AVAILABLE,5,11.3196247458,true,false,false
v2,quarterly,true_oos,T3,M30,2026-03,BR,2020-01-01,true,false,AVAILABLE,6,15.8815320149,true,false,false
v2,quarterly,true_oos,T3,M30,2026-03,MIX,2020-01-01,true,false,AVAILABLE,4,-1.90943717864,false,true,false
v2,quarterly,true_oos,T3,M30,2026-03,NG,2020-02-03,true,false,AVAILABLE,5,-5.58581423262,false,true,false
v2,quarterly,true_oos,T3,M30,2026-04,Si,2020-01-01,true,false,AVAILABLE,4,1.75185727918,true,false,false
v2,quarterly,true_oos,T3,M30,2026-04,CNY,2022-04-21,true,false,AVAILABLE,3,-2.01138098475,false,true,false
v2,quarterly,true_oos,T3,M30,2026-04,GD,2020-01-01,true,false,AVAILABLE,3,1.03707508194,true,false,false
v2,quarterly,true_oos,T3,M30,2026-04,BR,2020-01-01,true,false,AVAILABLE,8,5.60320716156,true,false,false
v2,quarterly,true_oos,T3,M30,2026-04,MIX,2020-01-01,true,false,AVAILABLE,10,1.36323999943,true,false,false
v2,quarterly,true_oos,T3,M30,2026-04,NG,2020-02-03,true,false,AVAILABLE,6,-0.148789638644,false,true,false
v2,quarterly,true_oos,T3,M30,2026-05,Si,2020-01-01,true,false,AVAILABLE,4,6.75103188771,true,false,false
v2,quarterly,true_oos,T3,M30,2026-05,CNY,2022-04-21,true,false,AVAILABLE,3,3.49199878813,true,false,false
v2,quarterly,true_oos,T3,M30,2026-05,GD,2020-01-01,true,false,AVAILABLE,9,-6.16038374503,false,true,false
v2,quarterly,true_oos,T3,M30,2026-05,BR,2020-01-01,true,false,AVAILABLE,6,-3.35393169947,false,true,false
v2,quarterly,true_oos,T3,M30,2026-05,MIX,2020-01-01,true,false,AVAILABLE,7,-3.8895726868,false,true,false
v2,quarterly,true_oos,T3,M30,2026-05,NG,2020-02-03,true,false,AVAILABLE,3,-0.002035158614,false,true,false
v2,quarterly,true_oos,T3,M30,2026-06,Si,2020-01-01,true,false,AVAILABLE,7,3.19152300267,true,false,false
v2,quarterly,true_oos,T3,M30,2026-06,CNY,2022-04-21,true,false,AVAILABLE,6,4.21545516367,true,false,false
v2,quarterly,true_oos,T3,M30,2026-06,GD,2020-01-01,true,false,AVAILABLE,5,9.60831966904,true,false,false
v2,quarterly,true_oos,T3,M30,2026-06,BR,2020-01-01,true,false,AVAILABLE,6,1.6895831288,true,false,false
v2,quarterly,true_oos,T3,M30,2026-06,MIX,2020-01-01,true,false,AVAILABLE,13,4.69871889234,true,false,false
v2,quarterly,true_oos,T3,M30,2026-06,NG,2020-02-03,true,false,AVAILABLE,4,-4.37789987569,false,true,false
v2,quarterly,true_oos,T3,M30,2026-07,Si,2020-01-01,true,false,AVAILABLE,5,0.319774485112,true,false,false
v2,quarterly,true_oos,T3,M30,2026-07,CNY,2022-04-21,true,false,AVAILABLE,8,-1.17725879901,false,true,false
v2,quarterly,true_oos,T3,M30,2026-07,GD,2020-01-01,true,false,AVAILABLE,7,-0.871597504952,false,true,false
v2,quarterly,true_oos,T3,M30,2026-07,BR,2020-01-01,true,false,AVAILABLE,11,6.69047202185,true,false,false
v2,quarterly,true_oos,T3,M30,2026-07,MIX,2020-01-01,true,false,AVAILABLE,6,0.085754698185,true,false,false
v2,quarterly,true_oos,T3,M30,2026-07,NG,2020-02-03,true,false,AVAILABLE,8,-1.78381049915,false,true,false
v2,quarterly,true_oos,T3,M30,2026-08,Si,2020-01-01,true,false,AVAILABLE,10,1.07849597061,true,false,false
v2,quarterly,true_oos,T3,M30,2026-08,CNY,2022-04-21,true,false,AVAILABLE,13,4.81222287913,true,false,false
v2,quarterly,true_oos,T3,M30,2026-08,GD,2020-01-01,true,false,AVAILABLE,8,3.19290554025,true,false,false
v2,quarterly,true_oos,T3,M30,2026-08,BR,2020-01-01,true,false,AVAILABLE,8,-5.1171060388,false,true,false
v2,quarterly,true_oos,T3,M30,2026-08,MIX,2020-01-01,true,false,AVAILABLE,7,3.60646547927,true,false,false
v2,quarterly,true_oos,T3,M30,2026-08,NG,2020-02-03,true,false,AVAILABLE,6,-2.13184667138,false,true,false
v2,quarterly,true_oos,T3,M30,2026-09,Si,2020-01-01,true,false,AVAILABLE,4,0.791959464303,true,false,false
v2,quarterly,true_oos,T3,M30,2026-09,CNY,2022-04-21,true,false,AVAILABLE,5,0.548141292952,true,false,false
v2,quarterly,true_oos,T3,M30,2026-09,GD,2020-01-01,true,false,AVAILABLE,6,-1.42282151522,false,true,false
v2,quarterly,true_oos,T3,M30,2026-09,BR,2020-01-01,true,false,AVAILABLE,6,5.46508055756,true,false,false
v2,quarterly,true_oos,T3,M30,2026-09,MIX,2020-01-01,true,false,AVAILABLE,5,2.58528322086,true,false,false
v2,quarterly,true_oos,T3,M30,2026-09,NG,2020-02-03,true,false,AVAILABLE,1,-1.1708556202,false,true,false
v2,quarterly,true_oos,T3,H1,2025-02,Si,2020-01-01,true,false,AVAILABLE,1,2.3957986976,true,false,false
v2,quarterly,true_oos,T3,H1,2025-02,CNY,2022-04-21,true,false,NO_TRADES,0,0,false,false,true
v2,quarterly,true_oos,T3,H1,2025-02,GD,2020-01-01,true,false,NO_TRADES,0,0,false,false,true
v2,quarterly,true_oos,T3,H1,2025-02,BR,2020-01-01,true,false,NO_TRADES,0,0,false,false,true
v2,quarterly,true_oos,T3,H1,2025-02,MIX,2020-01-01,true,false,AVAILABLE,2,-1.63208042782,false,true,false
v2,quarterly,true_oos,T3,H1,2025-02,NG,2020-02-03,true,false,AVAILABLE,2,6.94796355923,true,false,false
v2,quarterly,true_oos,T3,H1,2025-03,Si,2020-01-01,true,false,AVAILABLE,2,2.58738495312,true,false,false
v2,quarterly,true_oos,T3,H1,2025-03,CNY,2022-04-21,true,false,AVAILABLE,1,2.15547308916,true,false,false
v2,quarterly,true_oos,T3,H1,2025-03,GD,2020-01-01,true,false,AVAILABLE,2,-0.537725140478,false,true,false
v2,quarterly,true_oos,T3,H1,2025-03,BR,2020-01-01,true,false,AVAILABLE,3,-0.363915683983,false,true,false
v2,quarterly,true_oos,T3,H1,2025-03,MIX,2020-01-01,true,false,AVAILABLE,2,-1.51388080543,false,true,false
v2,quarterly,true_oos,T3,H1,2025-03,NG,2020-02-03,true,false,AVAILABLE,2,-0.457019048091,false,true,false
v2,quarterly,true_oos,T3,H1,2025-04,Si,2020-01-01,true,false,AVAILABLE,1,-0.946320821438,false,true,false
v2,quarterly,true_oos,T3,H1,2025-04,CNY,2022-04-21,true,false,AVAILABLE,2,-1.96682394082,false,true,false
v2,quarterly,true_oos,T3,H1,2025-04,GD,2020-01-01,true,false,AVAILABLE,6,-2.12619212238,false,true,false
v2,quarterly,true_oos,T3,H1,2025-04,BR,2020-01-01,true,false,AVAILABLE,3,3.04013074832,true,false,false
v2,quarterly,true_oos,T3,H1,2025-04,MIX,2020-01-01,true,false,AVAILABLE,3,3.57921091445,true,false,false
v2,quarterly,true_oos,T3,H1,2025-04,NG,2020-02-03,true,false,AVAILABLE,2,-1.55675701914,false,true,false
v2,quarterly,true_oos,T3,H1,2025-05,Si,2020-01-01,true,false,AVAILABLE,1,-1.00000693773,false,true,false
v2,quarterly,true_oos,T3,H1,2025-05,CNY,2022-04-21,true,false,NO_TRADES,0,0,false,false,true
v2,quarterly,true_oos,T3,H1,2025-05,GD,2020-01-01,true,false,NO_TRADES,0,0,false,false,true
v2,quarterly,true_oos,T3,H1,2025-05,BR,2020-01-01,true,false,AVAILABLE,2,-2.01336775456,false,true,false
v2,quarterly,true_oos,T3,H1,2025-05,MIX,2020-01-01,true,false,AVAILABLE,1,0.378571998109,true,false,false
v2,quarterly,true_oos,T3,H1,2025-05,NG,2020-02-03,true,false,AVAILABLE,1,-1.19340661617,false,true,false
v2,quarterly,true_oos,T3,H1,2025-06,Si,2020-01-01,true,false,AVAILABLE,2,-1.12208361914,false,true,false
v2,quarterly,true_oos,T3,H1,2025-06,CNY,2022-04-21,true,false,NO_TRADES,0,0,false,false,true
v2,quarterly,true_oos,T3,H1,2025-06,GD,2020-01-01,true,false,NO_TRADES,0,0,false,false,true
v2,quarterly,true_oos,T3,H1,2025-06,BR,2020-01-01,true,false,AVAILABLE,3,6.50092791504,true,false,false
v2,quarterly,true_oos,T3,H1,2025-06,MIX,2020-01-01,true,false,AVAILABLE,1,1.14227870922,true,false,false
v2,quarterly,true_oos,T3,H1,2025-06,NG,2020-02-03,true,false,AVAILABLE,2,4.19167099463,true,false,false
v2,quarterly,true_oos,T3,H1,2025-07,Si,2020-01-01,true,false,AVAILABLE,2,-0.536340619968,false,true,false
v2,quarterly,true_oos,T3,H1,2025-07,CNY,2022-04-21,true,false,AVAILABLE,2,4.27568673387,true,false,false
v2,quarterly,true_oos,T3,H1,2025-07,GD,2020-01-01,true,false,AVAILABLE,2,-2.39027608599,false,true,false
v2,quarterly,true_oos,T3,H1,2025-07,BR,2020-01-01,true,false,AVAILABLE,2,-1.87552887761,false,true,false
v2,quarterly,true_oos,T3,H1,2025-07,MIX,2020-01-01,true,false,AVAILABLE,2,3.77005619877,true,false,false
v2,quarterly,true_oos,T3,H1,2025-07,NG,2020-02-03,true,false,AVAILABLE,4,-0.144258524998,false,true,false
v2,quarterly,true_oos,T3,H1,2025-08,Si,2020-01-01,true,false,AVAILABLE,1,-0.405789350677,false,true,false
v2,quarterly,true_oos,T3,H1,2025-08,CNY,2022-04-21,true,false,NO_TRADES,0,0,false,false,true
v2,quarterly,true_oos,T3,H1,2025-08,GD,2020-01-01,true,false,AVAILABLE,4,-3.46428353439,false,true,false
v2,quarterly,true_oos,T3,H1,2025-08,BR,2020-01-01,true,false,AVAILABLE,3,-2.7305729801,false,true,false
v2,quarterly,true_oos,T3,H1,2025-08,MIX,2020-01-01,true,false,AVAILABLE,3,-1.17250449795,false,true,false
v2,quarterly,true_oos,T3,H1,2025-08,NG,2020-02-03,true,false,NO_TRADES,0,0,false,false,true
v2,quarterly,true_oos,T3,H1,2025-09,Si,2020-01-01,true,false,AVAILABLE,3,2.64092414863,true,false,false
v2,quarterly,true_oos,T3,H1,2025-09,CNY,2022-04-21,true,false,AVAILABLE,2,8.42379829963,true,false,false
v2,quarterly,true_oos,T3,H1,2025-09,GD,2020-01-01,true,false,AVAILABLE,9,8.19799006197,true,false,false
v2,quarterly,true_oos,T3,H1,2025-09,BR,2020-01-01,true,false,AVAILABLE,5,-4.53823897091,false,true,false
v2,quarterly,true_oos,T3,H1,2025-09,MIX,2020-01-01,true,false,AVAILABLE,5,0.507024950311,true,false,false
v2,quarterly,true_oos,T3,H1,2025-09,NG,2020-02-03,true,false,AVAILABLE,2,-1.06618364875,false,true,false
v2,quarterly,true_oos,T3,H1,2025-10,Si,2020-01-01,true,false,AVAILABLE,7,3.41090827007,true,false,false
v2,quarterly,true_oos,T3,H1,2025-10,CNY,2022-04-21,true,false,AVAILABLE,8,0.813608131296,true,false,false
v2,quarterly,true_oos,T3,H1,2025-10,GD,2020-01-01,true,false,AVAILABLE,8,11.4258768859,true,false,false
v2,quarterly,true_oos,T3,H1,2025-10,BR,2020-01-01,true,false,AVAILABLE,6,-0.517484639061,false,true,false
v2,quarterly,true_oos,T3,H1,2025-10,MIX,2020-01-01,true,false,AVAILABLE,5,0.076848436165,true,false,false
v2,quarterly,true_oos,T3,H1,2025-10,NG,2020-02-03,true,false,AVAILABLE,6,-2.92439704212,false,true,false
v2,quarterly,true_oos,T3,H1,2025-11,Si,2020-01-01,true,false,AVAILABLE,1,-0.0955952376878,false,true,false
v2,quarterly,true_oos,T3,H1,2025-11,CNY,2022-04-21,true,false,AVAILABLE,3,-2.56365079069,false,true,false
v2,quarterly,true_oos,T3,H1,2025-11,GD,2020-01-01,true,false,AVAILABLE,1,-0.331186804439,false,true,false
v2,quarterly,true_oos,T3,H1,2025-11,BR,2020-01-01,true,false,NO_TRADES,0,0,false,false,true
v2,quarterly,true_oos,T3,H1,2025-11,MIX,2020-01-01,true,false,AVAILABLE,1,-1.00000079085,false,true,false
v2,quarterly,true_oos,T3,H1,2025-11,NG,2020-02-03,true,false,AVAILABLE,2,-1.83791539185,false,true,false
v2,quarterly,true_oos,T3,H1,2025-12,Si,2020-01-01,true,false,AVAILABLE,4,-0.810183354287,false,true,false
v2,quarterly,true_oos,T3,H1,2025-12,CNY,2022-04-21,true,false,AVAILABLE,5,-0.995808554709,false,true,false
v2,quarterly,true_oos,T3,H1,2025-12,GD,2020-01-01,true,false,AVAILABLE,5,-6.47973911248,false,true,false
v2,quarterly,true_oos,T3,H1,2025-12,BR,2020-01-01,true,false,AVAILABLE,1,-1.41654646501,false,true,false
v2,quarterly,true_oos,T3,H1,2025-12,MIX,2020-01-01,true,false,AVAILABLE,1,0.959424821958,true,false,false
v2,quarterly,true_oos,T3,H1,2025-12,NG,2020-02-03,true,false,AVAILABLE,3,3.3657312069,true,false,false
v2,quarterly,true_oos,T3,H1,2026-01,Si,2020-01-01,true,false,AVAILABLE,3,-1.57096522151,false,true,false
v2,quarterly,true_oos,T3,H1,2026-01,CNY,2022-04-21,true,false,AVAILABLE,1,-0.290886654724,false,true,false
v2,quarterly,true_oos,T3,H1,2026-01,GD,2020-01-01,true,false,AVAILABLE,6,4.33334795829,true,false,false
v2,quarterly,true_oos,T3,H1,2026-01,BR,2020-01-01,true,false,AVAILABLE,5,2.13745430455,true,false,false
v2,quarterly,true_oos,T3,H1,2026-01,MIX,2020-01-01,true,false,AVAILABLE,1,-1.00000197665,false,true,false
v2,quarterly,true_oos,T3,H1,2026-01,NG,2020-02-03,true,false,AVAILABLE,7,2.08588477816,true,false,false
v2,quarterly,true_oos,T3,H1,2026-02,Si,2020-01-01,true,false,AVAILABLE,1,-0.601886774555,false,true,false
v2,quarterly,true_oos,T3,H1,2026-02,CNY,2022-04-21,true,false,AVAILABLE,1,-0.297481509519,false,true,false
v2,quarterly,true_oos,T3,H1,2026-02,GD,2020-01-01,true,false,AVAILABLE,1,-0.197366122746,false,true,false
v2,quarterly,true_oos,T3,H1,2026-02,BR,2020-01-01,true,false,AVAILABLE,4,-0.204756482567,false,true,false
v2,quarterly,true_oos,T3,H1,2026-02,MIX,2020-01-01,true,false,NO_TRADES,0,0,false,false,true
v2,quarterly,true_oos,T3,H1,2026-02,NG,2020-02-03,true,false,AVAILABLE,1,1.90400958221,true,false,false
v2,quarterly,true_oos,T3,H1,2026-03,Si,2020-01-01,true,false,AVAILABLE,4,9.78191864721,true,false,false
v2,quarterly,true_oos,T3,H1,2026-03,CNY,2022-04-21,true,false,AVAILABLE,8,-1.42399794604,false,true,false
v2,quarterly,true_oos,T3,H1,2026-03,GD,2020-01-01,true,false,AVAILABLE,3,1.00109334499,true,false,false
v2,quarterly,true_oos,T3,H1,2026-03,BR,2020-01-01,true,false,AVAILABLE,5,9.84875663375,true,false,false
v2,quarterly,true_oos,T3,H1,2026-03,MIX,2020-01-01,true,false,AVAILABLE,3,-0.803029453585,false,true,false
v2,quarterly,true_oos,T3,H1,2026-03,NG,2020-02-03,true,false,NO_TRADES,0,0,false,false,true
v2,quarterly,true_oos,T3,H1,2026-04,Si,2020-01-01,true,false,AVAILABLE,2,0.705711382919,true,false,false
v2,quarterly,true_oos,T3,H1,2026-04,CNY,2022-04-21,true,false,NO_TRADES,0,0,false,false,true
v2,quarterly,true_oos,T3,H1,2026-04,GD,2020-01-01,true,false,NO_TRADES,0,0,false,false,true
v2,quarterly,true_oos,T3,H1,2026-04,BR,2020-01-01,true,false,AVAILABLE,4,-1.07618202774,false,true,false
v2,quarterly,true_oos,T3,H1,2026-04,MIX,2020-01-01,true,false,AVAILABLE,6,-2.61839343339,false,true,false
v2,quarterly,true_oos,T3,H1,2026-04,NG,2020-02-03,true,false,AVAILABLE,3,-1.02558741392,false,true,false
v2,quarterly,true_oos,T3,H1,2026-05,Si,2020-01-01,true,false,AVAILABLE,2,1.59866887724,true,false,false
v2,quarterly,true_oos,T3,H1,2026-05,CNY,2022-04-21,true,false,AVAILABLE,2,1.28069377771,true,false,false
v2,quarterly,true_oos,T3,H1,2026-05,GD,2020-01-01,true,false,AVAILABLE,1,-1.00010417769,false,true,false
v2,quarterly,true_oos,T3,H1,2026-05,BR,2020-01-01,true,false,AVAILABLE,3,-1.81753555631,false,true,false
v2,quarterly,true_oos,T3,H1,2026-05,MIX,2020-01-01,true,false,AVAILABLE,4,-3.45815163511,false,true,false
v2,quarterly,true_oos,T3,H1,2026-05,NG,2020-02-03,true,false,AVAILABLE,1,-0.497843815645,false,true,false
v2,quarterly,true_oos,T3,H1,2026-06,Si,2020-01-01,true,false,AVAILABLE,4,2.48355597725,true,false,false
v2,quarterly,true_oos,T3,H1,2026-06,CNY,2022-04-21,true,false,AVAILABLE,4,2.93435508382,true,false,false
v2,quarterly,true_oos,T3,H1,2026-06,GD,2020-01-01,true,false,AVAILABLE,3,2.0414527978,true,false,false
v2,quarterly,true_oos,T3,H1,2026-06,BR,2020-01-01,true,false,AVAILABLE,3,2.98208424102,true,false,false
v2,quarterly,true_oos,T3,H1,2026-06,MIX,2020-01-01,true,false,AVAILABLE,9,2.81125472026,true,false,false
v2,quarterly,true_oos,T3,H1,2026-06,NG,2020-02-03,true,false,AVAILABLE,1,-1.06827447715,false,true,false
v2,quarterly,true_oos,T3,H1,2026-07,Si,2020-01-01,true,false,AVAILABLE,2,-1.14884704572,false,true,false
v2,quarterly,true_oos,T3,H1,2026-07,CNY,2022-04-21,true,false,AVAILABLE,2,-1.62921957675,false,true,false
v2,quarterly,true_oos,T3,H1,2026-07,GD,2020-01-01,true,false,AVAILABLE,3,-2.56836285478,false,true,false
v2,quarterly,true_oos,T3,H1,2026-07,BR,2020-01-01,true,false,AVAILABLE,5,5.87487696256,true,false,false
v2,quarterly,true_oos,T3,H1,2026-07,MIX,2020-01-01,true,false,AVAILABLE,6,-1.86172080684,false,true,false
v2,quarterly,true_oos,T3,H1,2026-07,NG,2020-02-03,true,false,AVAILABLE,2,1.71614522139,true,false,false
v2,quarterly,true_oos,T3,H1,2026-08,Si,2020-01-01,true,false,AVAILABLE,8,4.21529546136,true,false,false
v2,quarterly,true_oos,T3,H1,2026-08,CNY,2022-04-21,true,false,AVAILABLE,7,5.18224602916,true,false,false
v2,quarterly,true_oos,T3,H1,2026-08,GD,2020-01-01,true,false,AVAILABLE,4,2.42166845717,true,false,false
v2,quarterly,true_oos,T3,H1,2026-08,BR,2020-01-01,true,false,AVAILABLE,1,-0.491258787615,false,true,false
v2,quarterly,true_oos,T3,H1,2026-08,MIX,2020-01-01,true,false,AVAILABLE,3,0.350484214817,true,false,false
v2,quarterly,true_oos,T3,H1,2026-08,NG,2020-02-03,true,false,AVAILABLE,1,-0.511909836417,false,true,false
v2,quarterly,true_oos,T3,H1,2026-09,Si,2020-01-01,true,false,AVAILABLE,2,-1.62781463209,false,true,false
v2,quarterly,true_oos,T3,H1,2026-09,CNY,2022-04-21,true,false,AVAILABLE,3,-2.98991559929,false,true,false
v2,quarterly,true_oos,T3,H1,2026-09,GD,2020-01-01,true,false,AVAILABLE,2,-0.342949647471,false,true,false
v2,quarterly,true_oos,T3,H1,2026-09,BR,2020-01-01,true,false,AVAILABLE,5,1.7075288948,true,false,false
v2,quarterly,true_oos,T3,H1,2026-09,MIX,2020-01-01,true,false,NO_TRADES,0,0,false,false,true
v2,quarterly,true_oos,T3,H1,2026-09,NG,2020-02-03,true,false,NO_TRADES,0,0,false,false,true
v3,perpetual,baseline,T2,M30,2023-01,USDRUBF,2023-01-03,true,true,AVAILABLE,4,-3.15900770267,false,true,false
v3,perpetual,baseline,T2,M30,2023-01,CNYRUBF,2023-01-03,true,true,AVAILABLE,4,-1.31866937545,false,true,false
v3,perpetual,baseline,T2,M30,2023-01,GLDRUBF,2023-07-11,false,false,NOT_YET_AVAILABLE,0,0,false,false,false
v3,perpetual,baseline,T2,M30,2023-01,IMOEXF,2023-11-14,false,false,NOT_YET_AVAILABLE,0,0,false,false,false
v3,perpetual,baseline,T2,M30,2023-02,USDRUBF,2023-01-03,true,false,AVAILABLE,5,-2.07901112635,false,true,false
v3,perpetual,baseline,T2,M30,2023-02,CNYRUBF,2023-01-03,true,false,AVAILABLE,3,-0.515802205129,false,true,false
v3,perpetual,baseline,T2,M30,2023-02,GLDRUBF,2023-07-11,false,false,NOT_YET_AVAILABLE,0,0,false,false,false
v3,perpetual,baseline,T2,M30,2023-02,IMOEXF,2023-11-14,false,false,NOT_YET_AVAILABLE,0,0,false,false,false
v3,perpetual,baseline,T2,M30,2023-03,USDRUBF,2023-01-03,true,false,AVAILABLE,4,0.186796980257,true,false,false
v3,perpetual,baseline,T2,M30,2023-03,CNYRUBF,2023-01-03,true,false,AVAILABLE,4,2.96736582145,true,false,false
v3,perpetual,baseline,T2,M30,2023-03,GLDRUBF,2023-07-11,false,false,NOT_YET_AVAILABLE,0,0,false,false,false
v3,perpetual,baseline,T2,M30,2023-03,IMOEXF,2023-11-14,false,false,NOT_YET_AVAILABLE,0,0,false,false,false
v3,perpetual,baseline,T2,M30,2023-04,USDRUBF,2023-01-03,true,false,AVAILABLE,2,8.81594941867,true,false,false
v3,perpetual,baseline,T2,M30,2023-04,CNYRUBF,2023-01-03,true,false,AVAILABLE,3,4.32659971149,true,false,false
v3,perpetual,baseline,T2,M30,2023-04,GLDRUBF,2023-07-11,false,false,NOT_YET_AVAILABLE,0,0,false,false,false
v3,perpetual,baseline,T2,M30,2023-04,IMOEXF,2023-11-14,false,false,NOT_YET_AVAILABLE,0,0,false,false,false
v3,perpetual,baseline,T2,M30,2023-05,USDRUBF,2023-01-03,true,false,AVAILABLE,8,-3.68202144033,false,true,false
v3,perpetual,baseline,T2,M30,2023-05,CNYRUBF,2023-01-03,true,false,AVAILABLE,2,-0.511378539816,false,true,false
v3,perpetual,baseline,T2,M30,2023-05,GLDRUBF,2023-07-11,false,false,NOT_YET_AVAILABLE,0,0,false,false,false
v3,perpetual,baseline,T2,M30,2023-05,IMOEXF,2023-11-14,false,false,NOT_YET_AVAILABLE,0,0,false,false,false
v3,perpetual,baseline,T2,M30,2023-06,USDRUBF,2023-01-03,true,false,AVAILABLE,2,-1.35269552204,false,true,false
v3,perpetual,baseline,T2,M30,2023-06,CNYRUBF,2023-01-03,true,false,AVAILABLE,2,5.84690807609,true,false,false
v3,perpetual,baseline,T2,M30,2023-06,GLDRUBF,2023-07-11,false,false,NOT_YET_AVAILABLE,0,0,false,false,false
v3,perpetual,baseline,T2,M30,2023-06,IMOEXF,2023-11-14,false,false,NOT_YET_AVAILABLE,0,0,false,false,false
v3,perpetual,baseline,T2,M30,2023-07,USDRUBF,2023-01-03,true,false,AVAILABLE,6,5.39322507137,true,false,false
v3,perpetual,baseline,T2,M30,2023-07,CNYRUBF,2023-01-03,true,false,AVAILABLE,2,0.79691535331,true,false,false
v3,perpetual,baseline,T2,M30,2023-07,GLDRUBF,2023-07-11,true,true,AVAILABLE,2,-1.99625422841,false,true,false
v3,perpetual,baseline,T2,M30,2023-07,IMOEXF,2023-11-14,false,false,NOT_YET_AVAILABLE,0,0,false,false,false
v3,perpetual,baseline,T2,M30,2023-08,USDRUBF,2023-01-03,true,false,AVAILABLE,6,4.1976500824,true,false,false
v3,perpetual,baseline,T2,M30,2023-08,CNYRUBF,2023-01-03,true,false,AVAILABLE,7,3.26007337779,true,false,false
v3,perpetual,baseline,T2,M30,2023-08,GLDRUBF,2023-07-11,true,false,AVAILABLE,4,2.5934923798,true,false,false
v3,perpetual,baseline,T2,M30,2023-08,IMOEXF,2023-11-14,false,false,NOT_YET_AVAILABLE,0,0,false,false,false
v3,perpetual,baseline,T2,M30,2023-09,USDRUBF,2023-01-03,true,false,AVAILABLE,6,-1.02955613628,false,true,false
v3,perpetual,baseline,T2,M30,2023-09,CNYRUBF,2023-01-03,true,false,AVAILABLE,3,0.420056677955,true,false,false
v3,perpetual,baseline,T2,M30,2023-09,GLDRUBF,2023-07-11,true,false,AVAILABLE,6,-1.95852982318,false,true,false
v3,perpetual,baseline,T2,M30,2023-09,IMOEXF,2023-11-14,false,false,NOT_YET_AVAILABLE,0,0,false,false,false
v3,perpetual,baseline,T2,M30,2023-10,USDRUBF,2023-01-03,true,false,AVAILABLE,4,0.444777886314,true,false,false
v3,perpetual,baseline,T2,M30,2023-10,CNYRUBF,2023-01-03,true,false,AVAILABLE,6,5.15641701632,true,false,false
v3,perpetual,baseline,T2,M30,2023-10,GLDRUBF,2023-07-11,true,false,AVAILABLE,3,-1.52390324074,false,true,false
v3,perpetual,baseline,T2,M30,2023-10,IMOEXF,2023-11-14,false,false,NOT_YET_AVAILABLE,0,0,false,false,false
v3,perpetual,baseline,T2,M30,2023-11,USDRUBF,2023-01-03,true,false,AVAILABLE,4,4.07156636374,true,false,false
v3,perpetual,baseline,T2,M30,2023-11,CNYRUBF,2023-01-03,true,false,AVAILABLE,4,4.03706023903,true,false,false
v3,perpetual,baseline,T2,M30,2023-11,GLDRUBF,2023-07-11,true,false,AVAILABLE,3,0.918591527518,true,false,false
v3,perpetual,baseline,T2,M30,2023-11,IMOEXF,2023-11-14,true,true,AVAILABLE,3,-2.3167691024,false,true,false
v3,perpetual,baseline,T2,M30,2023-12,USDRUBF,2023-01-03,true,false,AVAILABLE,6,0.577059965631,true,false,false
v3,perpetual,baseline,T2,M30,2023-12,CNYRUBF,2023-01-03,true,false,AVAILABLE,3,-2.02671272024,false,true,false
v3,perpetual,baseline,T2,M30,2023-12,GLDRUBF,2023-07-11,true,false,AVAILABLE,6,1.98388099393,true,false,false
v3,perpetual,baseline,T2,M30,2023-12,IMOEXF,2023-11-14,true,false,AVAILABLE,5,-1.98223840722,false,true,false
v3,perpetual,baseline,T2,M30,2024-01,USDRUBF,2023-01-03,true,false,AVAILABLE,4,-0.325229509399,false,true,false
v3,perpetual,baseline,T2,M30,2024-01,CNYRUBF,2023-01-03,true,false,AVAILABLE,4,0.572324708372,true,false,false
v3,perpetual,baseline,T2,M30,2024-01,GLDRUBF,2023-07-11,true,false,AVAILABLE,8,-2.67423711842,false,true,false
v3,perpetual,baseline,T2,M30,2024-01,IMOEXF,2023-11-14,true,false,AVAILABLE,4,-1.94203078993,false,true,false
v3,perpetual,baseline,T2,M30,2024-02,USDRUBF,2023-01-03,true,false,AVAILABLE,4,-1.19774192014,false,true,false
v3,perpetual,baseline,T2,M30,2024-02,CNYRUBF,2023-01-03,true,false,AVAILABLE,7,-2.12422875262,false,true,false
v3,perpetual,baseline,T2,M30,2024-02,GLDRUBF,2023-07-11,true,false,AVAILABLE,6,-2.98806209101,false,true,false
v3,perpetual,baseline,T2,M30,2024-02,IMOEXF,2023-11-14,true,false,AVAILABLE,2,3.03542324374,true,false,false
v3,perpetual,baseline,T2,M30,2024-03,USDRUBF,2023-01-03,true,false,AVAILABLE,4,-3.72888852856,false,true,false
v3,perpetual,baseline,T2,M30,2024-03,CNYRUBF,2023-01-03,true,false,AVAILABLE,3,-1.38465691947,false,true,false
v3,perpetual,baseline,T2,M30,2024-03,GLDRUBF,2023-07-11,true,false,AVAILABLE,9,4.52124461684,true,false,false
v3,perpetual,baseline,T2,M30,2024-03,IMOEXF,2023-11-14,true,false,AVAILABLE,7,6.9189295081,true,false,false
v3,perpetual,baseline,T2,M30,2024-04,USDRUBF,2023-01-03,true,false,AVAILABLE,5,3.68757833372,true,false,false
v3,perpetual,baseline,T2,M30,2024-04,CNYRUBF,2023-01-03,true,false,AVAILABLE,4,0.957355963344,true,false,false
v3,perpetual,baseline,T2,M30,2024-04,GLDRUBF,2023-07-11,true,false,AVAILABLE,4,2.91510054927,true,false,false
v3,perpetual,baseline,T2,M30,2024-04,IMOEXF,2023-11-14,true,false,AVAILABLE,7,2.87972585306,true,false,false
v3,perpetual,baseline,T2,M30,2024-05,USDRUBF,2023-01-03,true,false,AVAILABLE,7,1.64023128314,true,false,false
v3,perpetual,baseline,T2,M30,2024-05,CNYRUBF,2023-01-03,true,false,AVAILABLE,7,-4.21782128928,false,true,false
v3,perpetual,baseline,T2,M30,2024-05,GLDRUBF,2023-07-11,true,false,AVAILABLE,3,-1.865610941,false,true,false
v3,perpetual,baseline,T2,M30,2024-05,IMOEXF,2023-11-14,true,false,AVAILABLE,7,3.85618498055,true,false,false
v3,perpetual,baseline,T2,M30,2024-06,USDRUBF,2023-01-03,true,false,AVAILABLE,5,7.27713606745,true,false,false
v3,perpetual,baseline,T2,M30,2024-06,CNYRUBF,2023-01-03,true,false,AVAILABLE,1,-0.693910056245,false,true,false
v3,perpetual,baseline,T2,M30,2024-06,GLDRUBF,2023-07-11,true,false,AVAILABLE,5,-0.866313336059,false,true,false
v3,perpetual,baseline,T2,M30,2024-06,IMOEXF,2023-11-14,true,false,AVAILABLE,8,1.96069410132,true,false,false
v3,perpetual,baseline,T2,M30,2024-07,USDRUBF,2023-01-03,true,false,AVAILABLE,4,2.1615112713,true,false,false
v3,perpetual,baseline,T2,M30,2024-07,CNYRUBF,2023-01-03,true,false,AVAILABLE,4,1.61952276164,true,false,false
v3,perpetual,baseline,T2,M30,2024-07,GLDRUBF,2023-07-11,true,false,AVAILABLE,5,2.99311882965,true,false,false
v3,perpetual,baseline,T2,M30,2024-07,IMOEXF,2023-11-14,true,false,AVAILABLE,5,4.94488626964,true,false,false
v3,perpetual,baseline,T2,M30,2024-08,USDRUBF,2023-01-03,true,false,AVAILABLE,3,3.21826214162,true,false,false
v3,perpetual,baseline,T2,M30,2024-08,CNYRUBF,2023-01-03,true,false,AVAILABLE,3,1.36821554858,true,false,false
v3,perpetual,baseline,T2,M30,2024-08,GLDRUBF,2023-07-11,true,false,AVAILABLE,3,-1.92147571355,false,true,false
v3,perpetual,baseline,T2,M30,2024-08,IMOEXF,2023-11-14,true,false,AVAILABLE,4,1.7220432352,true,false,false
v3,perpetual,baseline,T2,M30,2024-09,USDRUBF,2023-01-03,true,false,AVAILABLE,5,-1.63017910098,false,true,false
v3,perpetual,baseline,T2,M30,2024-09,CNYRUBF,2023-01-03,true,false,AVAILABLE,5,1.28254735933,true,false,false
v3,perpetual,baseline,T2,M30,2024-09,GLDRUBF,2023-07-11,true,false,AVAILABLE,4,2.20321809778,true,false,false
v3,perpetual,baseline,T2,M30,2024-09,IMOEXF,2023-11-14,true,false,AVAILABLE,6,-1.14352183086,false,true,false
v3,perpetual,baseline,T2,M30,2024-10,USDRUBF,2023-01-03,true,false,AVAILABLE,5,-0.431747895955,false,true,false
v3,perpetual,baseline,T2,M30,2024-10,CNYRUBF,2023-01-03,true,false,AVAILABLE,4,0.288828085382,true,false,false
v3,perpetual,baseline,T2,M30,2024-10,GLDRUBF,2023-07-11,true,false,AVAILABLE,8,6.13394863526,true,false,false
v3,perpetual,baseline,T2,M30,2024-10,IMOEXF,2023-11-14,true,false,AVAILABLE,4,2.93526166184,true,false,false
v3,perpetual,baseline,T2,M30,2024-11,USDRUBF,2023-01-03,true,false,AVAILABLE,5,12.5912113007,true,false,false
v3,perpetual,baseline,T2,M30,2024-11,CNYRUBF,2023-01-03,true,false,AVAILABLE,3,-1.58511967282,false,true,false
v3,perpetual,baseline,T2,M30,2024-11,GLDRUBF,2023-07-11,true,false,AVAILABLE,3,6.73647181017,true,false,false
v3,perpetual,baseline,T2,M30,2024-11,IMOEXF,2023-11-14,true,false,AVAILABLE,5,4.77535603513,true,false,false
v3,perpetual,baseline,T2,M30,2024-12,USDRUBF,2023-01-03,true,false,AVAILABLE,6,1.22914577937,true,false,false
v3,perpetual,baseline,T2,M30,2024-12,CNYRUBF,2023-01-03,true,false,AVAILABLE,6,1.17714631961,true,false,false
v3,perpetual,baseline,T2,M30,2024-12,GLDRUBF,2023-07-11,true,false,AVAILABLE,4,-1.15620590623,false,true,false
v3,perpetual,baseline,T2,M30,2024-12,IMOEXF,2023-11-14,true,false,AVAILABLE,5,0.64415749383,true,false,false
v3,perpetual,baseline,T2,H1,2023-01,USDRUBF,2023-01-03,true,true,NO_TRADES,0,0,false,false,true
v3,perpetual,baseline,T2,H1,2023-01,CNYRUBF,2023-01-03,true,true,AVAILABLE,1,-1.037932284,false,true,false
v3,perpetual,baseline,T2,H1,2023-01,GLDRUBF,2023-07-11,false,false,NOT_YET_AVAILABLE,0,0,false,false,false
v3,perpetual,baseline,T2,H1,2023-01,IMOEXF,2023-11-14,false,false,NOT_YET_AVAILABLE,0,0,false,false,false
v3,perpetual,baseline,T2,H1,2023-02,USDRUBF,2023-01-03,true,false,AVAILABLE,1,-0.82969391806,false,true,false
v3,perpetual,baseline,T2,H1,2023-02,CNYRUBF,2023-01-03,true,false,AVAILABLE,2,-0.204816907192,false,true,false
v3,perpetual,baseline,T2,H1,2023-02,GLDRUBF,2023-07-11,false,false,NOT_YET_AVAILABLE,0,0,false,false,false
v3,perpetual,baseline,T2,H1,2023-02,IMOEXF,2023-11-14,false,false,NOT_YET_AVAILABLE,0,0,false,false,false
v3,perpetual,baseline,T2,H1,2023-03,USDRUBF,2023-01-03,true,false,AVAILABLE,2,-0.022573067232,false,true,false
v3,perpetual,baseline,T2,H1,2023-03,CNYRUBF,2023-01-03,true,false,AVAILABLE,3,-0.998976836836,false,true,false
v3,perpetual,baseline,T2,H1,2023-03,GLDRUBF,2023-07-11,false,false,NOT_YET_AVAILABLE,0,0,false,false,false
v3,perpetual,baseline,T2,H1,2023-03,IMOEXF,2023-11-14,false,false,NOT_YET_AVAILABLE,0,0,false,false,false
v3,perpetual,baseline,T2,H1,2023-04,USDRUBF,2023-01-03,true,false,AVAILABLE,1,2.12076391051,true,false,false
v3,perpetual,baseline,T2,H1,2023-04,CNYRUBF,2023-01-03,true,false,AVAILABLE,1,4.31974035329,true,false,false
v3,perpetual,baseline,T2,H1,2023-04,GLDRUBF,2023-07-11,false,false,NOT_YET_AVAILABLE,0,0,false,false,false
v3,perpetual,baseline,T2,H1,2023-04,IMOEXF,2023-11-14,false,false,NOT_YET_AVAILABLE,0,0,false,false,false
v3,perpetual,baseline,T2,H1,2023-05,USDRUBF,2023-01-03,true,false,AVAILABLE,1,-0.766930138188,false,true,false
v3,perpetual,baseline,T2,H1,2023-05,CNYRUBF,2023-01-03,true,false,NO_TRADES,0,0,false,false,true
v3,perpetual,baseline,T2,H1,2023-05,GLDRUBF,2023-07-11,false,false,NOT_YET_AVAILABLE,0,0,false,false,false
v3,perpetual,baseline,T2,H1,2023-05,IMOEXF,2023-11-14,false,false,NOT_YET_AVAILABLE,0,0,false,false,false
v3,perpetual,baseline,T2,H1,2023-06,USDRUBF,2023-01-03,true,false,AVAILABLE,4,4.80851416691,true,false,false
v3,perpetual,baseline,T2,H1,2023-06,CNYRUBF,2023-01-03,true,false,AVAILABLE,1,4.58283581202,true,false,false
v3,perpetual,baseline,T2,H1,2023-06,GLDRUBF,2023-07-11,false,false,NOT_YET_AVAILABLE,0,0,false,false,false
v3,perpetual,baseline,T2,H1,2023-06,IMOEXF,2023-11-14,false,false,NOT_YET_AVAILABLE,0,0,false,false,false
v3,perpetual,baseline,T2,H1,2023-07,USDRUBF,2023-01-03,true,false,AVAILABLE,2,1.95611247845,true,false,false
v3,perpetual,baseline,T2,H1,2023-07,CNYRUBF,2023-01-03,true,false,AVAILABLE,1,-1.01883996926,false,true,false
v3,perpetual,baseline,T2,H1,2023-07,GLDRUBF,2023-07-11,true,true,NO_TRADES,0,0,false,false,true
v3,perpetual,baseline,T2,H1,2023-07,IMOEXF,2023-11-14,false,false,NOT_YET_AVAILABLE,0,0,false,false,false
v3,perpetual,baseline,T2,H1,2023-08,USDRUBF,2023-01-03,true,false,AVAILABLE,3,4.54638170733,true,false,false
v3,perpetual,baseline,T2,H1,2023-08,CNYRUBF,2023-01-03,true,false,AVAILABLE,1,4.23075110593,true,false,false
v3,perpetual,baseline,T2,H1,2023-08,GLDRUBF,2023-07-11,true,false,AVAILABLE,5,9.95483198329,true,false,false
v3,perpetual,baseline,T2,H1,2023-08,IMOEXF,2023-11-14,false,false,NOT_YET_AVAILABLE,0,0,false,false,false
v3,perpetual,baseline,T2,H1,2023-09,USDRUBF,2023-01-03,true,false,AVAILABLE,2,-1.527516404,false,true,false
v3,perpetual,baseline,T2,H1,2023-09,CNYRUBF,2023-01-03,true,false,AVAILABLE,4,-1.57798099219,false,true,false
v3,perpetual,baseline,T2,H1,2023-09,GLDRUBF,2023-07-11,true,false,AVAILABLE,3,-0.339890234714,false,true,false
v3,perpetual,baseline,T2,H1,2023-09,IMOEXF,2023-11-14,false,false,NOT_YET_AVAILABLE,0,0,false,false,false
v3,perpetual,baseline,T2,H1,2023-10,USDRUBF,2023-01-03,true,false,AVAILABLE,3,4.53464996313,true,false,false
v3,perpetual,baseline,T2,H1,2023-10,CNYRUBF,2023-01-03,true,false,AVAILABLE,6,4.04214356982,true,false,false
v3,perpetual,baseline,T2,H1,2023-10,GLDRUBF,2023-07-11,true,false,AVAILABLE,3,-1.55679544221,false,true,false
v3,perpetual,baseline,T2,H1,2023-10,IMOEXF,2023-11-14,false,false,NOT_YET_AVAILABLE,0,0,false,false,false
v3,perpetual,baseline,T2,H1,2023-11,USDRUBF,2023-01-03,true,false,NO_TRADES,0,0,false,false,true
v3,perpetual,baseline,T2,H1,2023-11,CNYRUBF,2023-01-03,true,false,AVAILABLE,2,-2.04645883965,false,true,false
v3,perpetual,baseline,T2,H1,2023-11,GLDRUBF,2023-07-11,true,false,NO_TRADES,0,0,false,false,true
v3,perpetual,baseline,T2,H1,2023-11,IMOEXF,2023-11-14,true,true,NO_TRADES,0,0,false,false,true
v3,perpetual,baseline,T2,H1,2023-12,USDRUBF,2023-01-03,true,false,AVAILABLE,4,-1.51556069497,false,true,false
v3,perpetual,baseline,T2,H1,2023-12,CNYRUBF,2023-01-03,true,false,NO_TRADES,0,0,false,false,true
v3,perpetual,baseline,T2,H1,2023-12,GLDRUBF,2023-07-11,true,false,AVAILABLE,2,0.391471731248,true,false,false
v3,perpetual,baseline,T2,H1,2023-12,IMOEXF,2023-11-14,true,false,AVAILABLE,3,-2.67510625101,false,true,false
v3,perpetual,baseline,T2,H1,2024-01,USDRUBF,2023-01-03,true,false,AVAILABLE,1,0.0682959200644,true,false,false
v3,perpetual,baseline,T2,H1,2024-01,CNYRUBF,2023-01-03,true,false,AVAILABLE,1,-0.441122850165,false,true,false
v3,perpetual,baseline,T2,H1,2024-01,GLDRUBF,2023-07-11,true,false,AVAILABLE,1,-0.401672261821,false,true,false
v3,perpetual,baseline,T2,H1,2024-01,IMOEXF,2023-11-14,true,false,AVAILABLE,1,0.846565262536,true,false,false
v3,perpetual,baseline,T2,H1,2024-02,USDRUBF,2023-01-03,true,false,AVAILABLE,2,1.39585916241,true,false,false
v3,perpetual,baseline,T2,H1,2024-02,CNYRUBF,2023-01-03,true,false,AVAILABLE,2,0.465547325432,true,false,false
v3,perpetual,baseline,T2,H1,2024-02,GLDRUBF,2023-07-11,true,false,AVAILABLE,5,0.712448382941,true,false,false
v3,perpetual,baseline,T2,H1,2024-02,IMOEXF,2023-11-14,true,false,AVAILABLE,2,3.06762937978,true,false,false
v3,perpetual,baseline,T2,H1,2024-03,USDRUBF,2023-01-03,true,false,AVAILABLE,2,-1.58672165566,false,true,false
v3,perpetual,baseline,T2,H1,2024-03,CNYRUBF,2023-01-03,true,false,AVAILABLE,1,-1.05519075196,false,true,false
v3,perpetual,baseline,T2,H1,2024-03,GLDRUBF,2023-07-11,true,false,AVAILABLE,3,-2.16269826094,false,true,false
v3,perpetual,baseline,T2,H1,2024-03,IMOEXF,2023-11-14,true,false,AVAILABLE,4,0.374001443328,true,false,false
v3,perpetual,baseline,T2,H1,2024-04,USDRUBF,2023-01-03,true,false,AVAILABLE,3,-1.00787881339,false,true,false
v3,perpetual,baseline,T2,H1,2024-04,CNYRUBF,2023-01-03,true,false,AVAILABLE,3,-0.454960165174,false,true,false
v3,perpetual,baseline,T2,H1,2024-04,GLDRUBF,2023-07-11,true,false,AVAILABLE,4,1.15059005065,true,false,false
v3,perpetual,baseline,T2,H1,2024-04,IMOEXF,2023-11-14,true,false,AVAILABLE,4,6.82405625028,true,false,false
v3,perpetual,baseline,T2,H1,2024-05,USDRUBF,2023-01-03,true,false,AVAILABLE,2,2.50655483958,true,false,false
v3,perpetual,baseline,T2,H1,2024-05,CNYRUBF,2023-01-03,true,false,AVAILABLE,1,4.66148629012,true,false,false
v3,perpetual,baseline,T2,H1,2024-05,GLDRUBF,2023-07-11,true,false,AVAILABLE,4,1.22994902212,true,false,false
v3,perpetual,baseline,T2,H1,2024-05,IMOEXF,2023-11-14,true,false,AVAILABLE,2,2.74100952829,true,false,false
v3,perpetual,baseline,T2,H1,2024-06,USDRUBF,2023-01-03,true,false,AVAILABLE,2,-0.575056162345,false,true,false
v3,perpetual,baseline,T2,H1,2024-06,CNYRUBF,2023-01-03,true,false,AVAILABLE,2,-1.20259666943,false,true,false
v3,perpetual,baseline,T2,H1,2024-06,GLDRUBF,2023-07-11,true,false,AVAILABLE,2,1.37935419015,true,false,false
v3,perpetual,baseline,T2,H1,2024-06,IMOEXF,2023-11-14,true,false,AVAILABLE,1,-0.357472472027,false,true,false
v3,perpetual,baseline,T2,H1,2024-07,USDRUBF,2023-01-03,true,false,AVAILABLE,1,-1.00481100732,false,true,false
v3,perpetual,baseline,T2,H1,2024-07,CNYRUBF,2023-01-03,true,false,AVAILABLE,2,-1.43990770567,false,true,false
v3,perpetual,baseline,T2,H1,2024-07,GLDRUBF,2023-07-11,true,false,AVAILABLE,2,2.32523854219,true,false,false
v3,perpetual,baseline,T2,H1,2024-07,IMOEXF,2023-11-14,true,false,AVAILABLE,1,-0.92616059861,false,true,false
v3,perpetual,baseline,T2,H1,2024-08,USDRUBF,2023-01-03,true,false,AVAILABLE,3,-1.18150055512,false,true,false
v3,perpetual,baseline,T2,H1,2024-08,CNYRUBF,2023-01-03,true,false,AVAILABLE,3,1.89014732645,true,false,false
v3,perpetual,baseline,T2,H1,2024-08,GLDRUBF,2023-07-11,true,false,AVAILABLE,1,1.44922277108,true,false,false
v3,perpetual,baseline,T2,H1,2024-08,IMOEXF,2023-11-14,true,false,AVAILABLE,2,-0.980576862653,false,true,false
v3,perpetual,baseline,T2,H1,2024-09,USDRUBF,2023-01-03,true,false,AVAILABLE,3,0.124961916919,true,false,false
v3,perpetual,baseline,T2,H1,2024-09,CNYRUBF,2023-01-03,true,false,AVAILABLE,2,2.8550890867,true,false,false
v3,perpetual,baseline,T2,H1,2024-09,GLDRUBF,2023-07-11,true,false,AVAILABLE,4,-0.052847466676,false,true,false
v3,perpetual,baseline,T2,H1,2024-09,IMOEXF,2023-11-14,true,false,AVAILABLE,2,-1.07318321431,false,true,false
v3,perpetual,baseline,T2,H1,2024-10,USDRUBF,2023-01-03,true,false,AVAILABLE,6,2.71170745003,true,false,false
v3,perpetual,baseline,T2,H1,2024-10,CNYRUBF,2023-01-03,true,false,AVAILABLE,3,-2.42363017969,false,true,false
v3,perpetual,baseline,T2,H1,2024-10,GLDRUBF,2023-07-11,true,false,AVAILABLE,4,1.8751561181,true,false,false
v3,perpetual,baseline,T2,H1,2024-10,IMOEXF,2023-11-14,true,false,AVAILABLE,1,1.57928805972,true,false,false
v3,perpetual,baseline,T2,H1,2024-11,USDRUBF,2023-01-03,true,false,AVAILABLE,5,23.9789058939,true,false,false
v3,perpetual,baseline,T2,H1,2024-11,CNYRUBF,2023-01-03,true,false,AVAILABLE,4,-0.201811681908,false,true,false
v3,perpetual,baseline,T2,H1,2024-11,GLDRUBF,2023-07-11,true,false,AVAILABLE,3,-1.63608161658,false,true,false
v3,perpetual,baseline,T2,H1,2024-11,IMOEXF,2023-11-14,true,false,AVAILABLE,4,2.2383144538,true,false,false
v3,perpetual,baseline,T2,H1,2024-12,USDRUBF,2023-01-03,true,false,NO_TRADES,0,0,false,false,true
v3,perpetual,baseline,T2,H1,2024-12,CNYRUBF,2023-01-03,true,false,AVAILABLE,1,1.76850692008,true,false,false
v3,perpetual,baseline,T2,H1,2024-12,GLDRUBF,2023-07-11,true,false,AVAILABLE,1,0.217179771131,true,false,false
v3,perpetual,baseline,T2,H1,2024-12,IMOEXF,2023-11-14,true,false,AVAILABLE,2,0.84657954344,true,false,false
v3,perpetual,baseline,T3,M30,2023-01,USDRUBF,2023-01-03,true,true,AVAILABLE,1,2.7449989655,true,false,false
v3,perpetual,baseline,T3,M30,2023-01,CNYRUBF,2023-01-03,true,true,AVAILABLE,1,1.63555206122,true,false,false
v3,perpetual,baseline,T3,M30,2023-01,GLDRUBF,2023-07-11,false,false,NOT_YET_AVAILABLE,0,0,false,false,false
v3,perpetual,baseline,T3,M30,2023-01,IMOEXF,2023-11-14,false,false,NOT_YET_AVAILABLE,0,0,false,false,false
v3,perpetual,baseline,T3,M30,2023-02,USDRUBF,2023-01-03,true,false,AVAILABLE,6,6.35445350008,true,false,false
v3,perpetual,baseline,T3,M30,2023-02,CNYRUBF,2023-01-03,true,false,AVAILABLE,6,-2.51924432768,false,true,false
v3,perpetual,baseline,T3,M30,2023-02,GLDRUBF,2023-07-11,false,false,NOT_YET_AVAILABLE,0,0,false,false,false
v3,perpetual,baseline,T3,M30,2023-02,IMOEXF,2023-11-14,false,false,NOT_YET_AVAILABLE,0,0,false,false,false
v3,perpetual,baseline,T3,M30,2023-03,USDRUBF,2023-01-03,true,false,AVAILABLE,5,3.37410958756,true,false,false
v3,perpetual,baseline,T3,M30,2023-03,CNYRUBF,2023-01-03,true,false,AVAILABLE,3,-1.37342383872,false,true,false
v3,perpetual,baseline,T3,M30,2023-03,GLDRUBF,2023-07-11,false,false,NOT_YET_AVAILABLE,0,0,false,false,false
v3,perpetual,baseline,T3,M30,2023-03,IMOEXF,2023-11-14,false,false,NOT_YET_AVAILABLE,0,0,false,false,false
v3,perpetual,baseline,T3,M30,2023-04,USDRUBF,2023-01-03,true,false,AVAILABLE,6,5.62122730504,true,false,false
v3,perpetual,baseline,T3,M30,2023-04,CNYRUBF,2023-01-03,true,false,AVAILABLE,5,9.62645649847,true,false,false
v3,perpetual,baseline,T3,M30,2023-04,GLDRUBF,2023-07-11,false,false,NOT_YET_AVAILABLE,0,0,false,false,false
v3,perpetual,baseline,T3,M30,2023-04,IMOEXF,2023-11-14,false,false,NOT_YET_AVAILABLE,0,0,false,false,false
v3,perpetual,baseline,T3,M30,2023-05,USDRUBF,2023-01-03,true,false,AVAILABLE,4,1.85903253805,true,false,false
v3,perpetual,baseline,T3,M30,2023-05,CNYRUBF,2023-01-03,true,false,AVAILABLE,7,-1.44262714371,false,true,false
v3,perpetual,baseline,T3,M30,2023-05,GLDRUBF,2023-07-11,false,false,NOT_YET_AVAILABLE,0,0,false,false,false
v3,perpetual,baseline,T3,M30,2023-05,IMOEXF,2023-11-14,false,false,NOT_YET_AVAILABLE,0,0,false,false,false
v3,perpetual,baseline,T3,M30,2023-06,USDRUBF,2023-01-03,true,false,AVAILABLE,5,-1.7916611575,false,true,false
v3,perpetual,baseline,T3,M30,2023-06,CNYRUBF,2023-01-03,true,false,AVAILABLE,5,-0.181333125888,false,true,false
v3,perpetual,baseline,T3,M30,2023-06,GLDRUBF,2023-07-11,false,false,NOT_YET_AVAILABLE,0,0,false,false,false
v3,perpetual,baseline,T3,M30,2023-06,IMOEXF,2023-11-14,false,false,NOT_YET_AVAILABLE,0,0,false,false,false
v3,perpetual,baseline,T3,M30,2023-07,USDRUBF,2023-01-03,true,false,AVAILABLE,3,1.9316330115,true,false,false
v3,perpetual,baseline,T3,M30,2023-07,CNYRUBF,2023-01-03,true,false,AVAILABLE,4,1.79637929266,true,false,false
v3,perpetual,baseline,T3,M30,2023-07,GLDRUBF,2023-07-11,true,true,NO_TRADES,0,0,false,false,true
v3,perpetual,baseline,T3,M30,2023-07,IMOEXF,2023-11-14,false,false,NOT_YET_AVAILABLE,0,0,false,false,false
v3,perpetual,baseline,T3,M30,2023-08,USDRUBF,2023-01-03,true,false,AVAILABLE,9,2.47931259387,true,false,false
v3,perpetual,baseline,T3,M30,2023-08,CNYRUBF,2023-01-03,true,false,AVAILABLE,10,-1.13436483751,false,true,false
v3,perpetual,baseline,T3,M30,2023-08,GLDRUBF,2023-07-11,true,false,AVAILABLE,7,4.74914090542,true,false,false
v3,perpetual,baseline,T3,M30,2023-08,IMOEXF,2023-11-14,false,false,NOT_YET_AVAILABLE,0,0,false,false,false
v3,perpetual,baseline,T3,M30,2023-09,USDRUBF,2023-01-03,true,false,AVAILABLE,4,0.217480903396,true,false,false
v3,perpetual,baseline,T3,M30,2023-09,CNYRUBF,2023-01-03,true,false,AVAILABLE,3,0.842282404637,true,false,false
v3,perpetual,baseline,T3,M30,2023-09,GLDRUBF,2023-07-11,true,false,AVAILABLE,3,0.842211842862,true,false,false
v3,perpetual,baseline,T3,M30,2023-09,IMOEXF,2023-11-14,false,false,NOT_YET_AVAILABLE,0,0,false,false,false
v3,perpetual,baseline,T3,M30,2023-10,USDRUBF,2023-01-03,true,false,AVAILABLE,7,9.58446207309,true,false,false
v3,perpetual,baseline,T3,M30,2023-10,CNYRUBF,2023-01-03,true,false,AVAILABLE,9,2.52696718878,true,false,false
v3,perpetual,baseline,T3,M30,2023-10,GLDRUBF,2023-07-11,true,false,AVAILABLE,6,-3.49641062605,false,true,false
v3,perpetual,baseline,T3,M30,2023-10,IMOEXF,2023-11-14,false,false,NOT_YET_AVAILABLE,0,0,false,false,false
v3,perpetual,baseline,T3,M30,2023-11,USDRUBF,2023-01-03,true,false,AVAILABLE,4,6.31663357768,true,false,false
v3,perpetual,baseline,T3,M30,2023-11,CNYRUBF,2023-01-03,true,false,AVAILABLE,5,-0.22384494251,false,true,false
v3,perpetual,baseline,T3,M30,2023-11,GLDRUBF,2023-07-11,true,false,AVAILABLE,3,0.553157087698,true,false,false
v3,perpetual,baseline,T3,M30,2023-11,IMOEXF,2023-11-14,true,true,NO_TRADES,0,0,false,false,true
v3,perpetual,baseline,T3,M30,2023-12,USDRUBF,2023-01-03,true,false,AVAILABLE,7,1.59181511159,true,false,false
v3,perpetual,baseline,T3,M30,2023-12,CNYRUBF,2023-01-03,true,false,AVAILABLE,3,8.85150705707,true,false,false
v3,perpetual,baseline,T3,M30,2023-12,GLDRUBF,2023-07-11,true,false,AVAILABLE,7,-0.730941231412,false,true,false
v3,perpetual,baseline,T3,M30,2023-12,IMOEXF,2023-11-14,true,false,AVAILABLE,4,0.537037060751,true,false,false
v3,perpetual,baseline,T3,M30,2024-01,USDRUBF,2023-01-03,true,false,AVAILABLE,5,1.89845837494,true,false,false
v3,perpetual,baseline,T3,M30,2024-01,CNYRUBF,2023-01-03,true,false,AVAILABLE,2,0.225087456258,true,false,false
v3,perpetual,baseline,T3,M30,2024-01,GLDRUBF,2023-07-11,true,false,AVAILABLE,4,0.205198241725,true,false,false
v3,perpetual,baseline,T3,M30,2024-01,IMOEXF,2023-11-14,true,false,AVAILABLE,3,-0.643871177354,false,true,false
v3,perpetual,baseline,T3,M30,2024-02,USDRUBF,2023-01-03,true,false,AVAILABLE,6,-2.41659146903,false,true,false
v3,perpetual,baseline,T3,M30,2024-02,CNYRUBF,2023-01-03,true,false,AVAILABLE,8,-5.30877145858,false,true,false
v3,perpetual,baseline,T3,M30,2024-02,GLDRUBF,2023-07-11,true,false,AVAILABLE,8,-5.2589281867,false,true,false
v3,perpetual,baseline,T3,M30,2024-02,IMOEXF,2023-11-14,true,false,AVAILABLE,6,3.99703008814,true,false,false
v3,perpetual,baseline,T3,M30,2024-03,USDRUBF,2023-01-03,true,false,AVAILABLE,3,0.518690137738,true,false,false
v3,perpetual,baseline,T3,M30,2024-03,CNYRUBF,2023-01-03,true,false,AVAILABLE,2,-0.216905436526,false,true,false
v3,perpetual,baseline,T3,M30,2024-03,GLDRUBF,2023-07-11,true,false,AVAILABLE,6,1.89604733302,true,false,false
v3,perpetual,baseline,T3,M30,2024-03,IMOEXF,2023-11-14,true,false,AVAILABLE,5,-2.04844381561,false,true,false
v3,perpetual,baseline,T3,M30,2024-04,USDRUBF,2023-01-03,true,false,AVAILABLE,8,1.21791685415,true,false,false
v3,perpetual,baseline,T3,M30,2024-04,CNYRUBF,2023-01-03,true,false,AVAILABLE,5,1.97637203166,true,false,false
v3,perpetual,baseline,T3,M30,2024-04,GLDRUBF,2023-07-11,true,false,AVAILABLE,7,10.2989007998,true,false,false
v3,perpetual,baseline,T3,M30,2024-04,IMOEXF,2023-11-14,true,false,AVAILABLE,3,0.982167088124,true,false,false
v3,perpetual,baseline,T3,M30,2024-05,USDRUBF,2023-01-03,true,false,AVAILABLE,5,-0.835011562385,false,true,false
v3,perpetual,baseline,T3,M30,2024-05,CNYRUBF,2023-01-03,true,false,AVAILABLE,6,-2.99959826737,false,true,false
v3,perpetual,baseline,T3,M30,2024-05,GLDRUBF,2023-07-11,true,false,AVAILABLE,5,-2.58040560849,false,true,false
v3,perpetual,baseline,T3,M30,2024-05,IMOEXF,2023-11-14,true,false,AVAILABLE,4,0.783571000547,true,false,false
v3,perpetual,baseline,T3,M30,2024-06,USDRUBF,2023-01-03,true,false,AVAILABLE,3,7.30756337553,true,false,false
v3,perpetual,baseline,T3,M30,2024-06,CNYRUBF,2023-01-03,true,false,AVAILABLE,5,4.44513548111,true,false,false
v3,perpetual,baseline,T3,M30,2024-06,GLDRUBF,2023-07-11,true,false,AVAILABLE,9,-0.212642065297,false,true,false
v3,perpetual,baseline,T3,M30,2024-06,IMOEXF,2023-11-14,true,false,AVAILABLE,4,5.32232706229,true,false,false
v3,perpetual,baseline,T3,M30,2024-07,USDRUBF,2023-01-03,true,false,AVAILABLE,2,2.46836942918,true,false,false
v3,perpetual,baseline,T3,M30,2024-07,CNYRUBF,2023-01-03,true,false,AVAILABLE,3,-2.06229282628,false,true,false
v3,perpetual,baseline,T3,M30,2024-07,GLDRUBF,2023-07-11,true,false,AVAILABLE,5,0.632353338243,true,false,false
v3,perpetual,baseline,T3,M30,2024-07,IMOEXF,2023-11-14,true,false,AVAILABLE,5,7.37973158772,true,false,false
v3,perpetual,baseline,T3,M30,2024-08,USDRUBF,2023-01-03,true,false,AVAILABLE,5,2.09589852552,true,false,false
v3,perpetual,baseline,T3,M30,2024-08,CNYRUBF,2023-01-03,true,false,AVAILABLE,5,-0.055283384867,false,true,false
v3,perpetual,baseline,T3,M30,2024-08,GLDRUBF,2023-07-11,true,false,AVAILABLE,7,1.26894554971,true,false,false
v3,perpetual,baseline,T3,M30,2024-08,IMOEXF,2023-11-14,true,false,AVAILABLE,7,1.66650544668,true,false,false
v3,perpetual,baseline,T3,M30,2024-09,USDRUBF,2023-01-03,true,false,AVAILABLE,5,1.05108101599,true,false,false
v3,perpetual,baseline,T3,M30,2024-09,CNYRUBF,2023-01-03,true,false,AVAILABLE,11,-1.62030929554,false,true,false
v3,perpetual,baseline,T3,M30,2024-09,GLDRUBF,2023-07-11,true,false,AVAILABLE,3,4.25260731018,true,false,false
v3,perpetual,baseline,T3,M30,2024-09,IMOEXF,2023-11-14,true,false,AVAILABLE,4,3.89216139138,true,false,false
v3,perpetual,baseline,T3,M30,2024-10,USDRUBF,2023-01-03,true,false,AVAILABLE,7,4.57243194539,true,false,false
v3,perpetual,baseline,T3,M30,2024-10,CNYRUBF,2023-01-03,true,false,AVAILABLE,2,1.61035508865,true,false,false
v3,perpetual,baseline,T3,M30,2024-10,GLDRUBF,2023-07-11,true,false,AVAILABLE,5,-2.28145362811,false,true,false
v3,perpetual,baseline,T3,M30,2024-10,IMOEXF,2023-11-14,true,false,AVAILABLE,6,0.86755005405,true,false,false
v3,perpetual,baseline,T3,M30,2024-11,USDRUBF,2023-01-03,true,false,AVAILABLE,8,6.88568657797,true,false,false
v3,perpetual,baseline,T3,M30,2024-11,CNYRUBF,2023-01-03,true,false,AVAILABLE,6,9.21060924918,true,false,false
v3,perpetual,baseline,T3,M30,2024-11,GLDRUBF,2023-07-11,true,false,AVAILABLE,6,5.97382487684,true,false,false
v3,perpetual,baseline,T3,M30,2024-11,IMOEXF,2023-11-14,true,false,AVAILABLE,7,5.55965932533,true,false,false
v3,perpetual,baseline,T3,M30,2024-12,USDRUBF,2023-01-03,true,false,AVAILABLE,4,-0.741145593806,false,true,false
v3,perpetual,baseline,T3,M30,2024-12,CNYRUBF,2023-01-03,true,false,AVAILABLE,3,1.9842246136,true,false,false
v3,perpetual,baseline,T3,M30,2024-12,GLDRUBF,2023-07-11,true,false,AVAILABLE,3,-2.33147491386,false,true,false
v3,perpetual,baseline,T3,M30,2024-12,IMOEXF,2023-11-14,true,false,AVAILABLE,5,-1.54008640292,false,true,false
v3,perpetual,baseline,T3,H1,2023-02,USDRUBF,2023-01-03,true,false,AVAILABLE,3,-2.18318094409,false,true,false
v3,perpetual,baseline,T3,H1,2023-02,CNYRUBF,2023-01-03,true,false,AVAILABLE,1,-0.771438324374,false,true,false
v3,perpetual,baseline,T3,H1,2023-02,GLDRUBF,2023-07-11,false,false,NOT_YET_AVAILABLE,0,0,false,false,false
v3,perpetual,baseline,T3,H1,2023-02,IMOEXF,2023-11-14,false,false,NOT_YET_AVAILABLE,0,0,false,false,false
v3,perpetual,baseline,T3,H1,2023-03,USDRUBF,2023-01-03,true,false,AVAILABLE,1,-1.00903361099,false,true,false
v3,perpetual,baseline,T3,H1,2023-03,CNYRUBF,2023-01-03,true,false,AVAILABLE,2,-0.585196114466,false,true,false
v3,perpetual,baseline,T3,H1,2023-03,GLDRUBF,2023-07-11,false,false,NOT_YET_AVAILABLE,0,0,false,false,false
v3,perpetual,baseline,T3,H1,2023-03,IMOEXF,2023-11-14,false,false,NOT_YET_AVAILABLE,0,0,false,false,false
v3,perpetual,baseline,T3,H1,2023-04,USDRUBF,2023-01-03,true,false,AVAILABLE,3,5.38135245453,true,false,false
v3,perpetual,baseline,T3,H1,2023-04,CNYRUBF,2023-01-03,true,false,AVAILABLE,3,4.57706299914,true,false,false
v3,perpetual,baseline,T3,H1,2023-04,GLDRUBF,2023-07-11,false,false,NOT_YET_AVAILABLE,0,0,false,false,false
v3,perpetual,baseline,T3,H1,2023-04,IMOEXF,2023-11-14,false,false,NOT_YET_AVAILABLE,0,0,false,false,false
v3,perpetual,baseline,T3,H1,2023-05,USDRUBF,2023-01-03,true,false,AVAILABLE,3,2.73920998385,true,false,false
v3,perpetual,baseline,T3,H1,2023-05,CNYRUBF,2023-01-03,true,false,AVAILABLE,2,2.9992463205,true,false,false
v3,perpetual,baseline,T3,H1,2023-05,GLDRUBF,2023-07-11,false,false,NOT_YET_AVAILABLE,0,0,false,false,false
v3,perpetual,baseline,T3,H1,2023-05,IMOEXF,2023-11-14,false,false,NOT_YET_AVAILABLE,0,0,false,false,false
v3,perpetual,baseline,T3,H1,2023-06,USDRUBF,2023-01-03,true,false,AVAILABLE,5,2.69854761857,true,false,false
v3,perpetual,baseline,T3,H1,2023-06,CNYRUBF,2023-01-03,true,false,AVAILABLE,3,1.96227090376,true,false,false
v3,perpetual,baseline,T3,H1,2023-06,GLDRUBF,2023-07-11,false,false,NOT_YET_AVAILABLE,0,0,false,false,false
v3,perpetual,baseline,T3,H1,2023-06,IMOEXF,2023-11-14,false,false,NOT_YET_AVAILABLE,0,0,false,false,false
v3,perpetual,baseline,T3,H1,2023-07,USDRUBF,2023-01-03,true,false,AVAILABLE,2,0.74370486259,true,false,false
v3,perpetual,baseline,T3,H1,2023-07,CNYRUBF,2023-01-03,true,false,AVAILABLE,3,-2.83525573256,false,true,false
v3,perpetual,baseline,T3,H1,2023-07,GLDRUBF,2023-07-11,true,true,NO_TRADES,0,0,false,false,true
v3,perpetual,baseline,T3,H1,2023-07,IMOEXF,2023-11-14,false,false,NOT_YET_AVAILABLE,0,0,false,false,false
v3,perpetual,baseline,T3,H1,2023-08,USDRUBF,2023-01-03,true,false,AVAILABLE,5,6.67126226147,true,false,false
v3,perpetual,baseline,T3,H1,2023-08,CNYRUBF,2023-01-03,true,false,AVAILABLE,4,-0.020810517423,false,true,false
v3,perpetual,baseline,T3,H1,2023-08,GLDRUBF,2023-07-11,true,false,NO_TRADES,0,0,false,false,true
v3,perpetual,baseline,T3,H1,2023-08,IMOEXF,2023-11-14,false,false,NOT_YET_AVAILABLE,0,0,false,false,false
v3,perpetual,baseline,T3,H1,2023-09,USDRUBF,2023-01-03,true,false,AVAILABLE,1,-0.916350478223,false,true,false
v3,perpetual,baseline,T3,H1,2023-09,CNYRUBF,2023-01-03,true,false,AVAILABLE,1,-0.972698130712,false,true,false
v3,perpetual,baseline,T3,H1,2023-09,GLDRUBF,2023-07-11,true,false,AVAILABLE,1,-0.544748624184,false,true,false
v3,perpetual,baseline,T3,H1,2023-09,IMOEXF,2023-11-14,false,false,NOT_YET_AVAILABLE,0,0,false,false,false
v3,perpetual,baseline,T3,H1,2023-10,USDRUBF,2023-01-03,true,false,AVAILABLE,4,-1.55327356449,false,true,false
v3,perpetual,baseline,T3,H1,2023-10,CNYRUBF,2023-01-03,true,false,AVAILABLE,2,-1.29033547075,false,true,false
v3,perpetual,baseline,T3,H1,2023-10,GLDRUBF,2023-07-11,true,false,NO_TRADES,0,0,false,false,true
v3,perpetual,baseline,T3,H1,2023-10,IMOEXF,2023-11-14,false,false,NOT_YET_AVAILABLE,0,0,false,false,false
v3,perpetual,baseline,T3,H1,2023-11,USDRUBF,2023-01-03,true,false,AVAILABLE,2,1.79668879146,true,false,false
v3,perpetual,baseline,T3,H1,2023-11,CNYRUBF,2023-01-03,true,false,AVAILABLE,1,-1.06437173859,false,true,false
v3,perpetual,baseline,T3,H1,2023-11,GLDRUBF,2023-07-11,true,false,AVAILABLE,1,0.067510881068,true,false,false
v3,perpetual,baseline,T3,H1,2023-11,IMOEXF,2023-11-14,true,true,NO_TRADES,0,0,false,false,true
v3,perpetual,baseline,T3,H1,2023-12,USDRUBF,2023-01-03,true,false,AVAILABLE,2,2.96479284347,true,false,false
v3,perpetual,baseline,T3,H1,2023-12,CNYRUBF,2023-01-03,true,false,AVAILABLE,3,-2.0403125654,false,true,false
v3,perpetual,baseline,T3,H1,2023-12,GLDRUBF,2023-07-11,true,false,AVAILABLE,4,-0.0032008078868,false,true,false
v3,perpetual,baseline,T3,H1,2023-12,IMOEXF,2023-11-14,true,false,NO_TRADES,0,0,false,false,true
v3,perpetual,baseline,T3,H1,2024-01,USDRUBF,2023-01-03,true,false,AVAILABLE,2,-1.00320446542,false,true,false
v3,perpetual,baseline,T3,H1,2024-01,CNYRUBF,2023-01-03,true,false,AVAILABLE,1,2.94944316787,true,false,false
v3,perpetual,baseline,T3,H1,2024-01,GLDRUBF,2023-07-11,true,false,AVAILABLE,2,-0.731014042347,false,true,false
v3,perpetual,baseline,T3,H1,2024-01,IMOEXF,2023-11-14,true,false,AVAILABLE,2,-1.06072774983,false,true,false
v3,perpetual,baseline,T3,H1,2024-02,USDRUBF,2023-01-03,true,false,AVAILABLE,1,-1.0070646862,false,true,false
v3,perpetual,baseline,T3,H1,2024-02,CNYRUBF,2023-01-03,true,false,AVAILABLE,2,0.45588859823,true,false,false
v3,perpetual,baseline,T3,H1,2024-02,GLDRUBF,2023-07-11,true,false,AVAILABLE,4,-1.65873334217,false,true,false
v3,perpetual,baseline,T3,H1,2024-02,IMOEXF,2023-11-14,true,false,AVAILABLE,4,-0.503753081492,false,true,false
v3,perpetual,baseline,T3,H1,2024-03,USDRUBF,2023-01-03,true,false,AVAILABLE,1,1.40906163229,true,false,false
v3,perpetual,baseline,T3,H1,2024-03,CNYRUBF,2023-01-03,true,false,NO_TRADES,0,0,false,false,true
v3,perpetual,baseline,T3,H1,2024-03,GLDRUBF,2023-07-11,true,false,AVAILABLE,5,3.80656048372,true,false,false
v3,perpetual,baseline,T3,H1,2024-03,IMOEXF,2023-11-14,true,false,AVAILABLE,2,-2.0004639751,false,true,false
v3,perpetual,baseline,T3,H1,2024-04,USDRUBF,2023-01-03,true,false,AVAILABLE,5,-1.21297009718,false,true,false
v3,perpetual,baseline,T3,H1,2024-04,CNYRUBF,2023-01-03,true,false,AVAILABLE,4,2.88184481373,true,false,false
v3,perpetual,baseline,T3,H1,2024-04,GLDRUBF,2023-07-11,true,false,AVAILABLE,4,5.37915665697,true,false,false
v3,perpetual,baseline,T3,H1,2024-04,IMOEXF,2023-11-14,true,false,AVAILABLE,1,-0.161376790374,false,true,false
v3,perpetual,baseline,T3,H1,2024-05,USDRUBF,2023-01-03,true,false,AVAILABLE,4,-1.73485761945,false,true,false
v3,perpetual,baseline,T3,H1,2024-05,CNYRUBF,2023-01-03,true,false,AVAILABLE,4,0.504338005398,true,false,false
v3,perpetual,baseline,T3,H1,2024-05,GLDRUBF,2023-07-11,true,false,AVAILABLE,1,-0.021662432568,false,true,false
v3,perpetual,baseline,T3,H1,2024-05,IMOEXF,2023-11-14,true,false,AVAILABLE,4,2.54221196911,true,false,false
v3,perpetual,baseline,T3,H1,2024-06,USDRUBF,2023-01-03,true,false,AVAILABLE,3,6.83311140798,true,false,false
v3,perpetual,baseline,T3,H1,2024-06,CNYRUBF,2023-01-03,true,false,AVAILABLE,3,15.0918375114,true,false,false
v3,perpetual,baseline,T3,H1,2024-06,GLDRUBF,2023-07-11,true,false,AVAILABLE,4,-1.43904457908,false,true,false
v3,perpetual,baseline,T3,H1,2024-06,IMOEXF,2023-11-14,true,false,AVAILABLE,2,1.57916668047,true,false,false
v3,perpetual,baseline,T3,H1,2024-07,USDRUBF,2023-01-03,true,false,NO_TRADES,0,0,false,false,true
v3,perpetual,baseline,T3,H1,2024-07,CNYRUBF,2023-01-03,true,false,NO_TRADES,0,0,false,false,true
v3,perpetual,baseline,T3,H1,2024-07,GLDRUBF,2023-07-11,true,false,NO_TRADES,0,0,false,false,true
v3,perpetual,baseline,T3,H1,2024-07,IMOEXF,2023-11-14,true,false,AVAILABLE,4,4.90675221839,true,false,false
v3,perpetual,baseline,T3,H1,2024-08,USDRUBF,2023-01-03,true,false,AVAILABLE,8,-1.57420619959,false,true,false
v3,perpetual,baseline,T3,H1,2024-08,CNYRUBF,2023-01-03,true,false,AVAILABLE,2,-1.41875971912,false,true,false
v3,perpetual,baseline,T3,H1,2024-08,GLDRUBF,2023-07-11,true,false,AVAILABLE,5,-0.129029228296,false,true,false
v3,perpetual,baseline,T3,H1,2024-08,IMOEXF,2023-11-14,true,false,AVAILABLE,2,1.60578909376,true,false,false
v3,perpetual,baseline,T3,H1,2024-09,USDRUBF,2023-01-03,true,false,AVAILABLE,2,1.30498815215,true,false,false
v3,perpetual,baseline,T3,H1,2024-09,CNYRUBF,2023-01-03,true,false,AVAILABLE,4,2.15882792321,true,false,false
v3,perpetual,baseline,T3,H1,2024-09,GLDRUBF,2023-07-11,true,false,AVAILABLE,2,-0.834520988574,false,true,false
v3,perpetual,baseline,T3,H1,2024-09,IMOEXF,2023-11-14,true,false,AVAILABLE,1,3.17804304835,true,false,false
v3,perpetual,baseline,T3,H1,2024-10,USDRUBF,2023-01-03,true,false,AVAILABLE,2,2.65501860352,true,false,false
v3,perpetual,baseline,T3,H1,2024-10,CNYRUBF,2023-01-03,true,false,AVAILABLE,2,-0.242657134527,false,true,false
v3,perpetual,baseline,T3,H1,2024-10,GLDRUBF,2023-07-11,true,false,AVAILABLE,3,3.17816111847,true,false,false
v3,perpetual,baseline,T3,H1,2024-10,IMOEXF,2023-11-14,true,false,AVAILABLE,1,1.49430573348,true,false,false
v3,perpetual,baseline,T3,H1,2024-11,USDRUBF,2023-01-03,true,false,AVAILABLE,4,4.29900966995,true,false,false
v3,perpetual,baseline,T3,H1,2024-11,CNYRUBF,2023-01-03,true,false,AVAILABLE,4,5.29775654968,true,false,false
v3,perpetual,baseline,T3,H1,2024-11,GLDRUBF,2023-07-11,true,false,AVAILABLE,4,6.41788781819,true,false,false
v3,perpetual,baseline,T3,H1,2024-11,IMOEXF,2023-11-14,true,false,AVAILABLE,3,2.25884473371,true,false,false
v3,perpetual,baseline,T3,H1,2024-12,USDRUBF,2023-01-03,true,false,AVAILABLE,1,0.475417127363,true,false,false
v3,perpetual,baseline,T3,H1,2024-12,CNYRUBF,2023-01-03,true,false,AVAILABLE,1,-0.942229634155,false,true,false
v3,perpetual,baseline,T3,H1,2024-12,GLDRUBF,2023-07-11,true,false,AVAILABLE,1,0.449264012826,true,false,false
v3,perpetual,baseline,T3,H1,2024-12,IMOEXF,2023-11-14,true,false,AVAILABLE,1,-0.0746360990105,false,true,false
v3,perpetual,walk_forward,T2,M30,2024-01,USDRUBF,2023-01-03,true,false,AVAILABLE,3,0.673093068942,true,false,false
v3,perpetual,walk_forward,T2,M30,2024-01,CNYRUBF,2023-01-03,true,false,AVAILABLE,3,0.641959439323,true,false,false
v3,perpetual,walk_forward,T2,M30,2024-01,GLDRUBF,2023-07-11,true,false,AVAILABLE,5,-0.704015057663,false,true,false
v3,perpetual,walk_forward,T2,M30,2024-01,IMOEXF,2023-11-14,true,false,AVAILABLE,1,-1.00045863578,false,true,false
v3,perpetual,walk_forward,T2,M30,2024-02,USDRUBF,2023-01-03,true,false,AVAILABLE,4,-1.19774192014,false,true,false
v3,perpetual,walk_forward,T2,M30,2024-02,CNYRUBF,2023-01-03,true,false,AVAILABLE,4,-1.37271498572,false,true,false
v3,perpetual,walk_forward,T2,M30,2024-02,GLDRUBF,2023-07-11,true,false,AVAILABLE,5,-2.35386695463,false,true,false
v3,perpetual,walk_forward,T2,M30,2024-02,IMOEXF,2023-11-14,true,false,AVAILABLE,2,3.03542324374,true,false,false
v3,perpetual,walk_forward,T2,M30,2024-03,USDRUBF,2023-01-03,true,false,AVAILABLE,3,-3.02416706705,false,true,false
v3,perpetual,walk_forward,T2,M30,2024-03,CNYRUBF,2023-01-03,true,false,AVAILABLE,2,-0.33892119008,false,true,false
v3,perpetual,walk_forward,T2,M30,2024-03,GLDRUBF,2023-07-11,true,false,AVAILABLE,7,3.86969166065,true,false,false
v3,perpetual,walk_forward,T2,M30,2024-03,IMOEXF,2023-11-14,true,false,AVAILABLE,6,7.46788872865,true,false,false
v3,perpetual,walk_forward,T2,M30,2024-04,USDRUBF,2023-01-03,true,false,AVAILABLE,4,1.50009357235,true,false,false
v3,perpetual,walk_forward,T2,M30,2024-04,CNYRUBF,2023-01-03,true,false,AVAILABLE,4,0.957356143304,true,false,false
v3,perpetual,walk_forward,T2,M30,2024-04,GLDRUBF,2023-07-11,true,false,AVAILABLE,2,0.873778524208,true,false,false
v3,perpetual,walk_forward,T2,M30,2024-04,IMOEXF,2023-11-14,true,false,AVAILABLE,5,-1.94681440926,false,true,false
v3,perpetual,walk_forward,T2,M30,2024-05,USDRUBF,2023-01-03,true,false,AVAILABLE,7,1.64023128314,true,false,false
v3,perpetual,walk_forward,T2,M30,2024-05,CNYRUBF,2023-01-03,true,false,AVAILABLE,7,-4.21782128928,false,true,false
v3,perpetual,walk_forward,T2,M30,2024-05,GLDRUBF,2023-07-11,true,false,AVAILABLE,3,-1.865610941,false,true,false
v3,perpetual,walk_forward,T2,M30,2024-05,IMOEXF,2023-11-14,true,false,AVAILABLE,6,3.71177971891,true,false,false
v3,perpetual,walk_forward,T2,M30,2024-06,USDRUBF,2023-01-03,true,false,AVAILABLE,5,7.27713606745,true,false,false
v3,perpetual,walk_forward,T2,M30,2024-06,CNYRUBF,2023-01-03,true,false,AVAILABLE,1,-0.693910056245,false,true,false
v3,perpetual,walk_forward,T2,M30,2024-06,GLDRUBF,2023-07-11,true,false,AVAILABLE,5,-0.866313336059,false,true,false
v3,perpetual,walk_forward,T2,M30,2024-06,IMOEXF,2023-11-14,true,false,AVAILABLE,8,1.96069410132,true,false,false
v3,perpetual,walk_forward,T2,M30,2024-07,USDRUBF,2023-01-03,true,false,AVAILABLE,3,2.74438959225,true,false,false
v3,perpetual,walk_forward,T2,M30,2024-07,CNYRUBF,2023-01-03,true,false,AVAILABLE,3,-1.08954994625,false,true,false
v3,perpetual,walk_forward,T2,M30,2024-07,GLDRUBF,2023-07-11,true,false,AVAILABLE,3,5.36778106879,true,false,false
v3,perpetual,walk_forward,T2,M30,2024-07,IMOEXF,2023-11-14,true,false,AVAILABLE,4,4.71588229797,true,false,false
v3,perpetual,walk_forward,T2,M30,2024-08,USDRUBF,2023-01-03,true,false,AVAILABLE,3,3.21826214162,true,false,false
v3,perpetual,walk_forward,T2,M30,2024-08,CNYRUBF,2023-01-03,true,false,AVAILABLE,3,1.36821554858,true,false,false
v3,perpetual,walk_forward,T2,M30,2024-08,GLDRUBF,2023-07-11,true,false,AVAILABLE,3,-1.92147571355,false,true,false
v3,perpetual,walk_forward,T2,M30,2024-08,IMOEXF,2023-11-14,true,false,AVAILABLE,4,1.7220432352,true,false,false
v3,perpetual,walk_forward,T2,M30,2024-09,USDRUBF,2023-01-03,true,false,AVAILABLE,5,-1.63017910098,false,true,false
v3,perpetual,walk_forward,T2,M30,2024-09,CNYRUBF,2023-01-03,true,false,AVAILABLE,5,1.28254735933,true,false,false
v3,perpetual,walk_forward,T2,M30,2024-09,GLDRUBF,2023-07-11,true,false,AVAILABLE,4,2.20321809778,true,false,false
v3,perpetual,walk_forward,T2,M30,2024-09,IMOEXF,2023-11-14,true,false,AVAILABLE,5,-1.83024909047,false,true,false
v3,perpetual,walk_forward,T2,M30,2024-10,USDRUBF,2023-01-03,true,false,AVAILABLE,2,1.32360312477,true,false,false
v3,perpetual,walk_forward,T2,M30,2024-10,CNYRUBF,2023-01-03,true,false,AVAILABLE,1,0.507102726181,true,false,false
v3,perpetual,walk_forward,T2,M30,2024-10,GLDRUBF,2023-07-11,true,false,AVAILABLE,6,4.22143467622,true,false,false
v3,perpetual,walk_forward,T2,M30,2024-10,IMOEXF,2023-11-14,true,false,AVAILABLE,3,3.5734962204,true,false,false
v3,perpetual,walk_forward,T2,M30,2024-11,USDRUBF,2023-01-03,true,false,AVAILABLE,4,12.4070901558,true,false,false
v3,perpetual,walk_forward,T2,M30,2024-11,CNYRUBF,2023-01-03,true,false,AVAILABLE,3,-1.58511967282,false,true,false
v3,perpetual,walk_forward,T2,M30,2024-11,GLDRUBF,2023-07-11,true,false,AVAILABLE,3,6.73647181017,true,false,false
v3,perpetual,walk_forward,T2,M30,2024-11,IMOEXF,2023-11-14,true,false,AVAILABLE,5,4.77535603513,true,false,false
v3,perpetual,walk_forward,T2,M30,2024-12,USDRUBF,2023-01-03,true,false,AVAILABLE,5,-2.01822443064,false,true,false
v3,perpetual,walk_forward,T2,M30,2024-12,CNYRUBF,2023-01-03,true,false,AVAILABLE,6,1.17714631961,true,false,false
v3,perpetual,walk_forward,T2,M30,2024-12,GLDRUBF,2023-07-11,true,false,AVAILABLE,3,-0.542549038364,false,true,false
v3,perpetual,walk_forward,T2,M30,2024-12,IMOEXF,2023-11-14,true,false,AVAILABLE,5,0.64415749383,true,false,false
v3,perpetual,walk_forward,T2,H1,2024-01,USDRUBF,2023-01-03,true,false,AVAILABLE,1,0.0682959201926,true,false,false
v3,perpetual,walk_forward,T2,H1,2024-01,CNYRUBF,2023-01-03,true,false,AVAILABLE,1,-0.441122850043,false,true,false
v3,perpetual,walk_forward,T2,H1,2024-01,GLDRUBF,2023-07-11,true,false,NO_TRADES,0,0,false,false,true
v3,perpetual,walk_forward,T2,H1,2024-01,IMOEXF,2023-11-14,true,false,NO_TRADES,0,0,false,false,true
v3,perpetual,walk_forward,T2,H1,2024-02,USDRUBF,2023-01-03,true,false,AVAILABLE,2,1.39585916241,true,false,false
v3,perpetual,walk_forward,T2,H1,2024-02,CNYRUBF,2023-01-03,true,false,AVAILABLE,2,0.465547325441,true,false,false
v3,perpetual,walk_forward,T2,H1,2024-02,GLDRUBF,2023-07-11,true,false,AVAILABLE,5,0.712448382951,true,false,false
v3,perpetual,walk_forward,T2,H1,2024-02,IMOEXF,2023-11-14,true,false,AVAILABLE,2,3.06762937983,true,false,false
v3,perpetual,walk_forward,T2,H1,2024-03,USDRUBF,2023-01-03,true,false,AVAILABLE,2,-1.58672165566,false,true,false
v3,perpetual,walk_forward,T2,H1,2024-03,CNYRUBF,2023-01-03,true,false,AVAILABLE,1,-1.05519075196,false,true,false
v3,perpetual,walk_forward,T2,H1,2024-03,GLDRUBF,2023-07-11,true,false,AVAILABLE,3,-2.16269826094,false,true,false
v3,perpetual,walk_forward,T2,H1,2024-03,IMOEXF,2023-11-14,true,false,AVAILABLE,4,0.374001443328,true,false,false
v3,perpetual,walk_forward,T2,H1,2024-04,USDRUBF,2023-01-03,true,false,AVAILABLE,2,-0.241032937266,false,true,false
v3,perpetual,walk_forward,T2,H1,2024-04,CNYRUBF,2023-01-03,true,false,AVAILABLE,2,0.431803978039,true,false,false
v3,perpetual,walk_forward,T2,H1,2024-04,GLDRUBF,2023-07-11,true,false,AVAILABLE,1,-1.00007137881,false,true,false
v3,perpetual,walk_forward,T2,H1,2024-04,IMOEXF,2023-11-14,true,false,AVAILABLE,1,2.40841580606,true,false,false
v3,perpetual,walk_forward,T2,H1,2024-05,USDRUBF,2023-01-03,true,false,AVAILABLE,2,2.50655483958,true,false,false
v3,perpetual,walk_forward,T2,H1,2024-05,CNYRUBF,2023-01-03,true,false,AVAILABLE,1,4.66148629012,true,false,false
v3,perpetual,walk_forward,T2,H1,2024-05,GLDRUBF,2023-07-11,true,false,AVAILABLE,4,1.22994902212,true,false,false
v3,perpetual,walk_forward,T2,H1,2024-05,IMOEXF,2023-11-14,true,false,AVAILABLE,2,5.10841310731,true,false,false
v3,perpetual,walk_forward,T2,H1,2024-06,USDRUBF,2023-01-03,true,false,AVAILABLE,2,-0.575056162345,false,true,false
v3,perpetual,walk_forward,T2,H1,2024-06,CNYRUBF,2023-01-03,true,false,NO_TRADES,0,0,false,false,true
v3,perpetual,walk_forward,T2,H1,2024-06,GLDRUBF,2023-07-11,true,false,AVAILABLE,2,1.8827162213,true,false,false
v3,perpetual,walk_forward,T2,H1,2024-06,IMOEXF,2023-11-14,true,false,AVAILABLE,1,-0.357472472027,false,true,false
v3,perpetual,walk_forward,T2,H1,2024-07,USDRUBF,2023-01-03,true,false,NO_TRADES,0,0,false,false,true
v3,perpetual,walk_forward,T2,H1,2024-07,CNYRUBF,2023-01-03,true,false,AVAILABLE,1,-0.484118449277,false,true,false
v3,perpetual,walk_forward,T2,H1,2024-07,GLDRUBF,2023-07-11,true,false,AVAILABLE,1,-1.00006868075,false,true,false
v3,perpetual,walk_forward,T2,H1,2024-07,IMOEXF,2023-11-14,true,false,NO_TRADES,0,0,false,false,true
v3,perpetual,walk_forward,T2,H1,2024-08,USDRUBF,2023-01-03,true,false,AVAILABLE,2,-0.929456984103,false,true,false
v3,perpetual,walk_forward,T2,H1,2024-08,CNYRUBF,2023-01-03,true,false,AVAILABLE,3,1.89014732646,true,false,false
v3,perpetual,walk_forward,T2,H1,2024-08,GLDRUBF,2023-07-11,true,false,AVAILABLE,1,1.44922277108,true,false,false
v3,perpetual,walk_forward,T2,H1,2024-08,IMOEXF,2023-11-14,true,false,AVAILABLE,2,-0.980576862653,false,true,false
v3,perpetual,walk_forward,T2,H1,2024-09,USDRUBF,2023-01-03,true,false,AVAILABLE,3,0.124961916919,true,false,false
v3,perpetual,walk_forward,T2,H1,2024-09,CNYRUBF,2023-01-03,true,false,AVAILABLE,2,2.8550890867,true,false,false
v3,perpetual,walk_forward,T2,H1,2024-09,GLDRUBF,2023-07-11,true,false,AVAILABLE,4,-0.052847466676,false,true,false
v3,perpetual,walk_forward,T2,H1,2024-09,IMOEXF,2023-11-14,true,false,AVAILABLE,1,-1.00006607866,false,true,false
v3,perpetual,walk_forward,T2,H1,2024-10,USDRUBF,2023-01-03,true,false,AVAILABLE,3,0.12521977969,true,false,false
v3,perpetual,walk_forward,T2,H1,2024-10,CNYRUBF,2023-01-03,true,false,NO_TRADES,0,0,false,false,true
v3,perpetual,walk_forward,T2,H1,2024-10,GLDRUBF,2023-07-11,true,false,NO_TRADES,0,0,false,false,true
v3,perpetual,walk_forward,T2,H1,2024-10,IMOEXF,2023-11-14,true,false,AVAILABLE,1,1.57928806778,true,false,false
v3,perpetual,walk_forward,T2,H1,2024-11,USDRUBF,2023-01-03,true,false,AVAILABLE,5,23.9789058939,true,false,false
v3,perpetual,walk_forward,T2,H1,2024-11,CNYRUBF,2023-01-03,true,false,AVAILABLE,3,0.379080241782,true,false,false
v3,perpetual,walk_forward,T2,H1,2024-11,GLDRUBF,2023-07-11,true,false,AVAILABLE,2,-1.59254774329,false,true,false
v3,perpetual,walk_forward,T2,H1,2024-11,IMOEXF,2023-11-14,true,false,AVAILABLE,4,2.2383144538,true,false,false
v3,perpetual,walk_forward,T2,H1,2024-12,USDRUBF,2023-01-03,true,false,NO_TRADES,0,0,false,false,true
v3,perpetual,walk_forward,T2,H1,2024-12,CNYRUBF,2023-01-03,true,false,AVAILABLE,1,1.76850692008,true,false,false
v3,perpetual,walk_forward,T2,H1,2024-12,GLDRUBF,2023-07-11,true,false,AVAILABLE,1,0.217179771131,true,false,false
v3,perpetual,walk_forward,T2,H1,2024-12,IMOEXF,2023-11-14,true,false,AVAILABLE,2,0.84657954344,true,false,false
v3,perpetual,walk_forward,T3,M30,2024-01,USDRUBF,2023-01-03,true,false,AVAILABLE,2,0.760298083143,true,false,false
v3,perpetual,walk_forward,T3,M30,2024-01,CNYRUBF,2023-01-03,true,false,AVAILABLE,1,0.771442504394,true,false,false
v3,perpetual,walk_forward,T3,M30,2024-01,GLDRUBF,2023-07-11,true,false,AVAILABLE,1,-0.0688509930784,false,true,false
v3,perpetual,walk_forward,T3,M30,2024-01,IMOEXF,2023-11-14,true,false,AVAILABLE,1,-1.00043991564,false,true,false
v3,perpetual,walk_forward,T3,M30,2024-02,USDRUBF,2023-01-03,true,false,AVAILABLE,5,-3.4752220837,false,true,false
v3,perpetual,walk_forward,T3,M30,2024-02,CNYRUBF,2023-01-03,true,false,AVAILABLE,6,-5.24964929374,false,true,false
v3,perpetual,walk_forward,T3,M30,2024-02,GLDRUBF,2023-07-11,true,false,AVAILABLE,8,-5.2589281867,false,true,false
v3,perpetual,walk_forward,T3,M30,2024-02,IMOEXF,2023-11-14,true,false,AVAILABLE,6,3.99703008814,true,false,false
v3,perpetual,walk_forward,T3,M30,2024-03,USDRUBF,2023-01-03,true,false,AVAILABLE,2,1.54055198346,true,false,false
v3,perpetual,walk_forward,T3,M30,2024-03,CNYRUBF,2023-01-03,true,false,AVAILABLE,2,-1.68557547838,false,true,false
v3,perpetual,walk_forward,T3,M30,2024-03,GLDRUBF,2023-07-11,true,false,AVAILABLE,4,2.59075769759,true,false,false
v3,perpetual,walk_forward,T3,M30,2024-03,IMOEXF,2023-11-14,true,false,AVAILABLE,3,-1.25186682666,false,true,false
v3,perpetual,walk_forward,T3,M30,2024-04,USDRUBF,2023-01-03,true,false,AVAILABLE,5,-2.56038765798,false,true,false
v3,perpetual,walk_forward,T3,M30,2024-04,CNYRUBF,2023-01-03,true,false,AVAILABLE,2,3.29446736769,true,false,false
v3,perpetual,walk_forward,T3,M30,2024-04,GLDRUBF,2023-07-11,true,false,NO_TRADES,0,0,false,false,true
v3,perpetual,walk_forward,T3,M30,2024-04,IMOEXF,2023-11-14,true,false,NO_TRADES,0,0,false,false,true
v3,perpetual,walk_forward,T3,M30,2024-05,USDRUBF,2023-01-03,true,false,AVAILABLE,5,-1.43206139854,false,true,false
v3,perpetual,walk_forward,T3,M30,2024-05,CNYRUBF,2023-01-03,true,false,AVAILABLE,6,-2.99959826737,false,true,false
v3,perpetual,walk_forward,T3,M30,2024-05,GLDRUBF,2023-07-11,true,false,AVAILABLE,5,-2.88013225001,false,true,false
v3,perpetual,walk_forward,T3,M30,2024-05,IMOEXF,2023-11-14,true,false,AVAILABLE,5,-0.216626338073,false,true,false
v3,perpetual,walk_forward,T3,M30,2024-06,USDRUBF,2023-01-03,true,false,AVAILABLE,3,7.30756337553,true,false,false
v3,perpetual,walk_forward,T3,M30,2024-06,CNYRUBF,2023-01-03,true,false,AVAILABLE,4,5.50515889411,true,false,false
v3,perpetual,walk_forward,T3,M30,2024-06,GLDRUBF,2023-07-11,true,false,AVAILABLE,7,0.682782474191,true,false,false
v3,perpetual,walk_forward,T3,M30,2024-06,IMOEXF,2023-11-14,true,false,AVAILABLE,4,1.42961209192,true,false,false
v3,perpetual,walk_forward,T3,M30,2024-07,USDRUBF,2023-01-03,true,false,AVAILABLE,1,2.07749759729,true,false,false
v3,perpetual,walk_forward,T3,M30,2024-07,CNYRUBF,2023-01-03,true,false,AVAILABLE,2,-1.55353667817,false,true,false
v3,perpetual,walk_forward,T3,M30,2024-07,GLDRUBF,2023-07-11,true,false,AVAILABLE,1,-0.271368763441,false,true,false
v3,perpetual,walk_forward,T3,M30,2024-07,IMOEXF,2023-11-14,true,false,AVAILABLE,1,1.07504038052,true,false,false
v3,perpetual,walk_forward,T3,M30,2024-08,USDRUBF,2023-01-03,true,false,AVAILABLE,5,0.316458068704,true,false,false
v3,perpetual,walk_forward,T3,M30,2024-08,CNYRUBF,2023-01-03,true,false,AVAILABLE,3,-0.7736901669,false,true,false
v3,perpetual,walk_forward,T3,M30,2024-08,GLDRUBF,2023-07-11,true,false,AVAILABLE,6,1.29156022371,true,false,false
v3,perpetual,walk_forward,T3,M30,2024-08,IMOEXF,2023-11-14,true,false,AVAILABLE,6,2.66668220383,true,false,false
v3,perpetual,walk_forward,T3,M30,2024-09,USDRUBF,2023-01-03,true,false,AVAILABLE,5,0.828189313128,true,false,false
v3,perpetual,walk_forward,T3,M30,2024-09,CNYRUBF,2023-01-03,true,false,AVAILABLE,10,-1.84233217674,false,true,false
v3,perpetual,walk_forward,T3,M30,2024-09,GLDRUBF,2023-07-11,true,false,AVAILABLE,3,4.25260731018,true,false,false
v3,perpetual,walk_forward,T3,M30,2024-09,IMOEXF,2023-11-14,true,false,AVAILABLE,4,3.89216139138,true,false,false
v3,perpetual,walk_forward,T3,M30,2024-10,USDRUBF,2023-01-03,true,false,AVAILABLE,1,-1.0170475843,false,true,false
v3,perpetual,walk_forward,T3,M30,2024-10,CNYRUBF,2023-01-03,true,false,NO_TRADES,0,0,false,false,true
v3,perpetual,walk_forward,T3,M30,2024-10,GLDRUBF,2023-07-11,true,false,AVAILABLE,1,0.529980192422,true,false,false
v3,perpetual,walk_forward,T3,M30,2024-10,IMOEXF,2023-11-14,true,false,AVAILABLE,2,3.14644758434,true,false,false
v3,perpetual,walk_forward,T3,M30,2024-11,USDRUBF,2023-01-03,true,false,AVAILABLE,6,8.08808052959,true,false,false
v3,perpetual,walk_forward,T3,M30,2024-11,CNYRUBF,2023-01-03,true,false,AVAILABLE,5,10.2933432909,true,false,false
v3,perpetual,walk_forward,T3,M30,2024-11,GLDRUBF,2023-07-11,true,false,AVAILABLE,5,6.53480756637,true,false,false
v3,perpetual,walk_forward,T3,M30,2024-11,IMOEXF,2023-11-14,true,false,AVAILABLE,7,5.55965932533,true,false,false
v3,perpetual,walk_forward,T3,M30,2024-12,USDRUBF,2023-01-03,true,false,AVAILABLE,2,1.26831770339,true,false,false
v3,perpetual,walk_forward,T3,M30,2024-12,CNYRUBF,2023-01-03,true,false,AVAILABLE,2,2.52494827214,true,false,false
v3,perpetual,walk_forward,T3,M30,2024-12,GLDRUBF,2023-07-11,true,false,AVAILABLE,2,-1.3314283606,false,true,false
v3,perpetual,walk_forward,T3,M30,2024-12,IMOEXF,2023-11-14,true,false,AVAILABLE,4,-0.690828585145,false,true,false
v3,perpetual,walk_forward,T3,H1,2024-02,USDRUBF,2023-01-03,true,false,AVAILABLE,1,-0.822018910139,false,true,false
v3,perpetual,walk_forward,T3,H1,2024-02,CNYRUBF,2023-01-03,true,false,AVAILABLE,1,-0.810380210753,false,true,false
v3,perpetual,walk_forward,T3,H1,2024-02,GLDRUBF,2023-07-11,true,false,AVAILABLE,2,0.273243183987,true,false,false
v3,perpetual,walk_forward,T3,H1,2024-02,IMOEXF,2023-11-14,true,false,AVAILABLE,1,-0.256782124108,false,true,false
v3,perpetual,walk_forward,T3,H1,2024-03,USDRUBF,2023-01-03,true,false,AVAILABLE,1,1.12724930583,true,false,false
v3,perpetual,walk_forward,T3,H1,2024-03,CNYRUBF,2023-01-03,true,false,NO_TRADES,0,0,false,false,true
v3,perpetual,walk_forward,T3,H1,2024-03,GLDRUBF,2023-07-11,true,false,AVAILABLE,5,3.04524838697,true,false,false
v3,perpetual,walk_forward,T3,H1,2024-03,IMOEXF,2023-11-14,true,false,AVAILABLE,2,-2.00037118008,false,true,false
v3,perpetual,walk_forward,T3,H1,2024-05,USDRUBF,2023-01-03,true,false,AVAILABLE,2,-0.861255067059,false,true,false
v3,perpetual,walk_forward,T3,H1,2024-05,CNYRUBF,2023-01-03,true,false,AVAILABLE,2,2.10835256336,true,false,false
v3,perpetual,walk_forward,T3,H1,2024-05,GLDRUBF,2023-07-11,true,false,AVAILABLE,1,-0.0173299460544,false,true,false
v3,perpetual,walk_forward,T3,H1,2024-05,IMOEXF,2023-11-14,true,false,AVAILABLE,3,3.98068817091,true,false,false
v3,perpetual,walk_forward,T3,H1,2024-06,USDRUBF,2023-01-03,true,false,AVAILABLE,3,5.46648912639,true,false,false
v3,perpetual,walk_forward,T3,H1,2024-06,CNYRUBF,2023-01-03,true,false,AVAILABLE,3,12.0734700091,true,false,false
v3,perpetual,walk_forward,T3,H1,2024-06,GLDRUBF,2023-07-11,true,false,AVAILABLE,4,-1.15123566326,false,true,false
v3,perpetual,walk_forward,T3,H1,2024-06,IMOEXF,2023-11-14,true,false,AVAILABLE,2,1.26333334437,true,false,false
v3,perpetual,walk_forward,T3,H1,2024-08,USDRUBF,2023-01-03,true,false,AVAILABLE,2,0.746840487444,true,false,false
v3,perpetual,walk_forward,T3,H1,2024-08,CNYRUBF,2023-01-03,true,false,AVAILABLE,1,-0.908418429062,false,true,false
v3,perpetual,walk_forward,T3,H1,2024-08,GLDRUBF,2023-07-11,true,false,AVAILABLE,4,-0.933350185509,false,true,false
v3,perpetual,walk_forward,T3,H1,2024-08,IMOEXF,2023-11-14,true,false,AVAILABLE,2,1.28463127501,true,false,false
v3,perpetual,walk_forward,T3,H1,2024-09,USDRUBF,2023-01-03,true,false,AVAILABLE,2,1.04399052172,true,false,false
v3,perpetual,walk_forward,T3,H1,2024-09,CNYRUBF,2023-01-03,true,false,AVAILABLE,4,1.72706233858,true,false,false
v3,perpetual,walk_forward,T3,H1,2024-09,GLDRUBF,2023-07-11,true,false,AVAILABLE,2,-0.867616790861,false,true,false
v3,perpetual,walk_forward,T3,H1,2024-09,IMOEXF,2023-11-14,true,false,AVAILABLE,1,2.54243443868,true,false,false
v3,perpetual,walk_forward,T3,H1,2024-11,USDRUBF,2023-01-03,true,false,AVAILABLE,2,4.96190697862,true,false,false
v3,perpetual,walk_forward,T3,H1,2024-11,CNYRUBF,2023-01-03,true,false,AVAILABLE,4,4.23820523975,true,false,false
v3,perpetual,walk_forward,T3,H1,2024-11,GLDRUBF,2023-07-11,true,false,AVAILABLE,3,-0.484327869064,false,true,false
v3,perpetual,walk_forward,T3,H1,2024-11,IMOEXF,2023-11-14,true,false,AVAILABLE,2,1.59683777228,true,false,false
v3,perpetual,walk_forward,T3,H1,2024-12,USDRUBF,2023-01-03,true,false,AVAILABLE,1,0.38033370189,true,false,false
v3,perpetual,walk_forward,T3,H1,2024-12,CNYRUBF,2023-01-03,true,false,AVAILABLE,1,-0.753783707324,false,true,false
v3,perpetual,walk_forward,T3,H1,2024-12,GLDRUBF,2023-07-11,true,false,AVAILABLE,1,0.35941121026,true,false,false
v3,perpetual,walk_forward,T3,H1,2024-12,IMOEXF,2023-11-14,true,false,AVAILABLE,1,-0.0597088792084,false,true,false
v3,perpetual,true_oos,T2,M30,2025-01,USDRUBF,2023-01-03,true,false,AVAILABLE,2,-1.02150715847,false,true,false
v3,perpetual,true_oos,T2,M30,2025-01,CNYRUBF,2023-01-03,true,false,AVAILABLE,3,-2.79075517596,false,true,false
v3,perpetual,true_oos,T2,M30,2025-01,GLDRUBF,2023-07-11,true,false,AVAILABLE,2,-0.911970885156,false,true,false
v3,perpetual,true_oos,T2,M30,2025-01,IMOEXF,2023-11-14,true,false,AVAILABLE,2,0.51007836153,true,false,false
v3,perpetual,true_oos,T2,M30,2025-02,USDRUBF,2023-01-03,true,false,AVAILABLE,5,5.90853060487,true,false,false
v3,perpetual,true_oos,T2,M30,2025-02,CNYRUBF,2023-01-03,true,false,AVAILABLE,6,8.42770975085,true,false,false
v3,perpetual,true_oos,T2,M30,2025-02,GLDRUBF,2023-07-11,true,false,AVAILABLE,5,3.39543768598,true,false,false
v3,perpetual,true_oos,T2,M30,2025-02,IMOEXF,2023-11-14,true,false,AVAILABLE,8,-6.48907339305,false,true,false
v3,perpetual,true_oos,T2,M30,2025-03,USDRUBF,2023-01-03,true,false,AVAILABLE,2,-1.77477241953,false,true,false
v3,perpetual,true_oos,T2,M30,2025-03,CNYRUBF,2023-01-03,true,false,AVAILABLE,1,-1.02821990725,false,true,false
v3,perpetual,true_oos,T2,M30,2025-03,GLDRUBF,2023-07-11,true,false,AVAILABLE,1,-0.454476438645,false,true,false
v3,perpetual,true_oos,T2,M30,2025-03,IMOEXF,2023-11-14,true,false,AVAILABLE,4,0.425863253452,true,false,false
v3,perpetual,true_oos,T2,M30,2025-04,USDRUBF,2023-01-03,true,false,AVAILABLE,4,-1.49690545581,false,true,false
v3,perpetual,true_oos,T2,M30,2025-04,CNYRUBF,2023-01-03,true,false,AVAILABLE,4,-3.76289446763,false,true,false
v3,perpetual,true_oos,T2,M30,2025-04,GLDRUBF,2023-07-11,true,false,AVAILABLE,4,-3.96346002367,false,true,false
v3,perpetual,true_oos,T2,M30,2025-04,IMOEXF,2023-11-14,true,false,AVAILABLE,4,-1.88020425819,false,true,false
v3,perpetual,true_oos,T2,M30,2025-05,USDRUBF,2023-01-03,true,false,AVAILABLE,4,2.37858232322,true,false,false
v3,perpetual,true_oos,T2,M30,2025-05,CNYRUBF,2023-01-03,true,false,AVAILABLE,3,-1.80489859921,false,true,false
v3,perpetual,true_oos,T2,M30,2025-05,GLDRUBF,2023-07-11,true,false,AVAILABLE,4,0.412136145159,true,false,false
v3,perpetual,true_oos,T2,M30,2025-05,IMOEXF,2023-11-14,true,false,AVAILABLE,4,1.57677606187,true,false,false
v3,perpetual,true_oos,T2,M30,2025-06,USDRUBF,2023-01-03,true,false,AVAILABLE,3,-1.11652558783,false,true,false
v3,perpetual,true_oos,T2,M30,2025-06,CNYRUBF,2023-01-03,true,false,AVAILABLE,3,-0.71296658924,false,true,false
v3,perpetual,true_oos,T2,M30,2025-06,GLDRUBF,2023-07-11,true,false,AVAILABLE,3,0.071739684218,true,false,false
v3,perpetual,true_oos,T2,M30,2025-06,IMOEXF,2023-11-14,true,false,AVAILABLE,4,-3.64612077314,false,true,false
v3,perpetual,true_oos,T2,M30,2025-07,USDRUBF,2023-01-03,true,false,AVAILABLE,3,-1.08276958438,false,true,false
v3,perpetual,true_oos,T2,M30,2025-07,CNYRUBF,2023-01-03,true,false,AVAILABLE,4,-1.43919455173,false,true,false
v3,perpetual,true_oos,T2,M30,2025-07,GLDRUBF,2023-07-11,true,false,AVAILABLE,4,-1.57247377579,false,true,false
v3,perpetual,true_oos,T2,M30,2025-07,IMOEXF,2023-11-14,true,false,AVAILABLE,4,3.13191947631,true,false,false
v3,perpetual,true_oos,T2,M30,2025-08,USDRUBF,2023-01-03,true,false,AVAILABLE,1,-0.417650969031,false,true,false
v3,perpetual,true_oos,T2,M30,2025-08,CNYRUBF,2023-01-03,true,false,AVAILABLE,4,2.67324904931,true,false,false
v3,perpetual,true_oos,T2,M30,2025-08,GLDRUBF,2023-07-11,true,false,AVAILABLE,2,-1.18431156095,false,true,false
v3,perpetual,true_oos,T2,M30,2025-08,IMOEXF,2023-11-14,true,false,AVAILABLE,5,-4.76693516288,false,true,false
v3,perpetual,true_oos,T2,M30,2025-09,USDRUBF,2023-01-03,true,false,AVAILABLE,5,14.4379465932,true,false,false
v3,perpetual,true_oos,T2,M30,2025-09,CNYRUBF,2023-01-03,true,false,AVAILABLE,3,1.52229881937,true,false,false
v3,perpetual,true_oos,T2,M30,2025-09,GLDRUBF,2023-07-11,true,false,AVAILABLE,5,-3.4103865706,false,true,false
v3,perpetual,true_oos,T2,M30,2025-09,IMOEXF,2023-11-14,true,false,AVAILABLE,6,2.40324448644,true,false,false
v3,perpetual,true_oos,T2,M30,2025-10,USDRUBF,2023-01-03,true,false,AVAILABLE,5,2.67158664351,true,false,false
v3,perpetual,true_oos,T2,M30,2025-10,CNYRUBF,2023-01-03,true,false,AVAILABLE,8,1.18554666968,true,false,false
v3,perpetual,true_oos,T2,M30,2025-10,GLDRUBF,2023-07-11,true,false,AVAILABLE,2,2.42463645399,true,false,false
v3,perpetual,true_oos,T2,M30,2025-10,IMOEXF,2023-11-14,true,false,AVAILABLE,3,-2.33609881995,false,true,false
v3,perpetual,true_oos,T2,M30,2025-11,USDRUBF,2023-01-03,true,false,AVAILABLE,2,-0.021915199573,false,true,false
v3,perpetual,true_oos,T2,M30,2025-11,CNYRUBF,2023-01-03,true,false,AVAILABLE,4,1.71515792193,true,false,false
v3,perpetual,true_oos,T2,M30,2025-11,GLDRUBF,2023-07-11,true,false,AVAILABLE,3,2.12017485144,true,false,false
v3,perpetual,true_oos,T2,M30,2025-11,IMOEXF,2023-11-14,true,false,AVAILABLE,4,0.639157127879,true,false,false
v3,perpetual,true_oos,T2,M30,2025-12,USDRUBF,2023-01-03,true,false,AVAILABLE,7,0.913706071597,true,false,false
v3,perpetual,true_oos,T2,M30,2025-12,CNYRUBF,2023-01-03,true,false,AVAILABLE,6,2.79214981559,true,false,false
v3,perpetual,true_oos,T2,M30,2025-12,GLDRUBF,2023-07-11,true,false,AVAILABLE,3,1.02157213489,true,false,false
v3,perpetual,true_oos,T2,M30,2025-12,IMOEXF,2023-11-14,true,false,AVAILABLE,6,3.36045600266,true,false,false
v3,perpetual,true_oos,T2,M30,2026-01,USDRUBF,2023-01-03,true,false,AVAILABLE,2,-1.33435895285,false,true,false
v3,perpetual,true_oos,T2,M30,2026-01,CNYRUBF,2023-01-03,true,false,AVAILABLE,4,-2.0458517852,false,true,false
v3,perpetual,true_oos,T2,M30,2026-01,GLDRUBF,2023-07-11,true,false,AVAILABLE,3,4.59006365564,true,false,false
v3,perpetual,true_oos,T2,M30,2026-01,IMOEXF,2023-11-14,true,false,AVAILABLE,3,-1.97096690752,false,true,false
v3,perpetual,true_oos,T2,M30,2026-02,USDRUBF,2023-01-03,true,false,AVAILABLE,6,-3.1294973361,false,true,false
v3,perpetual,true_oos,T2,M30,2026-02,CNYRUBF,2023-01-03,true,false,AVAILABLE,9,-4.76422408005,false,true,false
v3,perpetual,true_oos,T2,M30,2026-02,GLDRUBF,2023-07-11,true,false,AVAILABLE,5,3.12529407905,true,false,false
v3,perpetual,true_oos,T2,M30,2026-02,IMOEXF,2023-11-14,true,false,AVAILABLE,3,0.607152366653,true,false,false
v3,perpetual,true_oos,T2,M30,2026-03,USDRUBF,2023-01-03,true,false,AVAILABLE,6,-1.17903307487,false,true,false
v3,perpetual,true_oos,T2,M30,2026-03,CNYRUBF,2023-01-03,true,false,AVAILABLE,6,-5.02273358486,false,true,false
v3,perpetual,true_oos,T2,M30,2026-03,GLDRUBF,2023-07-11,true,false,AVAILABLE,3,-1.03078277302,false,true,false
v3,perpetual,true_oos,T2,M30,2026-03,IMOEXF,2023-11-14,true,false,AVAILABLE,7,4.54173056341,true,false,false
v3,perpetual,true_oos,T2,M30,2026-04,USDRUBF,2023-01-03,true,false,AVAILABLE,3,1.6066504836,true,false,false
v3,perpetual,true_oos,T2,M30,2026-04,CNYRUBF,2023-01-03,true,false,AVAILABLE,4,0.105035341075,true,false,false
v3,perpetual,true_oos,T2,M30,2026-04,GLDRUBF,2023-07-11,true,false,AVAILABLE,3,1.90576815671,true,false,false
v3,perpetual,true_oos,T2,M30,2026-04,IMOEXF,2023-11-14,true,false,AVAILABLE,6,3.30966194607,true,false,false
v3,perpetual,true_oos,T2,M30,2026-05,USDRUBF,2023-01-03,true,false,AVAILABLE,4,12.901957208,true,false,false
v3,perpetual,true_oos,T2,M30,2026-05,CNYRUBF,2023-01-03,true,false,AVAILABLE,3,0.269175966559,true,false,false
v3,perpetual,true_oos,T2,M30,2026-05,GLDRUBF,2023-07-11,true,false,AVAILABLE,4,10.5948642819,true,false,false
v3,perpetual,true_oos,T2,M30,2026-05,IMOEXF,2023-11-14,true,false,AVAILABLE,8,-1.06739715787,false,true,false
v3,perpetual,true_oos,T2,M30,2026-06,USDRUBF,2023-01-03,true,false,AVAILABLE,5,0.419236074174,true,false,false
v3,perpetual,true_oos,T2,M30,2026-06,CNYRUBF,2023-01-03,true,false,AVAILABLE,2,-0.75473777173,false,true,false
v3,perpetual,true_oos,T2,M30,2026-06,GLDRUBF,2023-07-11,true,false,AVAILABLE,5,1.43027368943,true,false,false
v3,perpetual,true_oos,T2,M30,2026-06,IMOEXF,2023-11-14,true,false,AVAILABLE,6,4.38968258625,true,false,false
v3,perpetual,true_oos,T2,M30,2026-07,USDRUBF,2023-01-03,true,false,AVAILABLE,6,-2.88995001808,false,true,false
v3,perpetual,true_oos,T2,M30,2026-07,CNYRUBF,2023-01-03,true,false,AVAILABLE,5,-2.20592513507,false,true,false
v3,perpetual,true_oos,T2,M30,2026-07,GLDRUBF,2023-07-11,true,false,AVAILABLE,8,-2.40258560903,false,true,false
v3,perpetual,true_oos,T2,M30,2026-07,IMOEXF,2023-11-14,true,false,AVAILABLE,7,6.45334596249,true,false,false
v3,perpetual,true_oos,T2,M30,2026-08,USDRUBF,2023-01-03,true,false,AVAILABLE,8,-2.60393986822,false,true,false
v3,perpetual,true_oos,T2,M30,2026-08,CNYRUBF,2023-01-03,true,false,AVAILABLE,7,8.50884804635,true,false,false
v3,perpetual,true_oos,T2,M30,2026-08,GLDRUBF,2023-07-11,true,false,AVAILABLE,7,-3.92020434178,false,true,false
v3,perpetual,true_oos,T2,M30,2026-08,IMOEXF,2023-11-14,true,false,AVAILABLE,6,-2.99956315279,false,true,false
v3,perpetual,true_oos,T2,M30,2026-09,USDRUBF,2023-01-03,true,false,AVAILABLE,2,-1.74691159936,false,true,false
v3,perpetual,true_oos,T2,M30,2026-09,CNYRUBF,2023-01-03,true,false,AVAILABLE,1,-0.699067559239,false,true,false
v3,perpetual,true_oos,T2,M30,2026-09,GLDRUBF,2023-07-11,true,false,AVAILABLE,5,-2.46365220655,false,true,false
v3,perpetual,true_oos,T2,M30,2026-09,IMOEXF,2023-11-14,true,false,AVAILABLE,5,-4.37753682464,false,true,false
v3,perpetual,true_oos,T2,H1,2025-01,USDRUBF,2023-01-03,true,false,AVAILABLE,1,1.24215968903,true,false,false
v3,perpetual,true_oos,T2,H1,2025-01,CNYRUBF,2023-01-03,true,false,AVAILABLE,2,0.410373116127,true,false,false
v3,perpetual,true_oos,T2,H1,2025-01,GLDRUBF,2023-07-11,true,false,NO_TRADES,0,0,false,false,true
v3,perpetual,true_oos,T2,H1,2025-01,IMOEXF,2023-11-14,true,false,AVAILABLE,1,1.0809975587,true,false,false
v3,perpetual,true_oos,T2,H1,2025-02,USDRUBF,2023-01-03,true,false,NO_TRADES,0,0,false,false,true
v3,perpetual,true_oos,T2,H1,2025-02,CNYRUBF,2023-01-03,true,false,AVAILABLE,1,1.94611532797,true,false,false
v3,perpetual,true_oos,T2,H1,2025-02,GLDRUBF,2023-07-11,true,false,NO_TRADES,0,0,false,false,true
v3,perpetual,true_oos,T2,H1,2025-02,IMOEXF,2023-11-14,true,false,AVAILABLE,2,-0.308450786377,false,true,false
v3,perpetual,true_oos,T2,H1,2025-03,USDRUBF,2023-01-03,true,false,AVAILABLE,2,0.318345274,true,false,false
v3,perpetual,true_oos,T2,H1,2025-03,CNYRUBF,2023-01-03,true,false,NO_TRADES,0,0,false,false,true
v3,perpetual,true_oos,T2,H1,2025-03,GLDRUBF,2023-07-11,true,false,AVAILABLE,1,1.3850992441,true,false,false
v3,perpetual,true_oos,T2,H1,2025-03,IMOEXF,2023-11-14,true,false,AVAILABLE,2,-0.195020923994,false,true,false
v3,perpetual,true_oos,T2,H1,2025-04,USDRUBF,2023-01-03,true,false,AVAILABLE,2,2.9100633497,true,false,false
v3,perpetual,true_oos,T2,H1,2025-04,CNYRUBF,2023-01-03,true,false,AVAILABLE,2,-0.828301933232,false,true,false
v3,perpetual,true_oos,T2,H1,2025-04,GLDRUBF,2023-07-11,true,false,NO_TRADES,0,0,false,false,true
v3,perpetual,true_oos,T2,H1,2025-04,IMOEXF,2023-11-14,true,false,AVAILABLE,2,-1.18916237519,false,true,false
v3,perpetual,true_oos,T2,H1,2025-05,USDRUBF,2023-01-03,true,false,AVAILABLE,2,-1.252434317,false,true,false
v3,perpetual,true_oos,T2,H1,2025-05,CNYRUBF,2023-01-03,true,false,AVAILABLE,1,-0.836961047146,false,true,false
v3,perpetual,true_oos,T2,H1,2025-05,GLDRUBF,2023-07-11,true,false,AVAILABLE,1,-1.00005385872,false,true,false
v3,perpetual,true_oos,T2,H1,2025-05,IMOEXF,2023-11-14,true,false,AVAILABLE,2,0.93511466387,true,false,false
v3,perpetual,true_oos,T2,H1,2025-06,USDRUBF,2023-01-03,true,false,NO_TRADES,0,0,false,false,true
v3,perpetual,true_oos,T2,H1,2025-06,CNYRUBF,2023-01-03,true,false,AVAILABLE,1,-0.620995711317,false,true,false
v3,perpetual,true_oos,T2,H1,2025-06,GLDRUBF,2023-07-11,true,false,AVAILABLE,3,-3.29592612873,false,true,false
v3,perpetual,true_oos,T2,H1,2025-06,IMOEXF,2023-11-14,true,false,AVAILABLE,1,-0.104349140575,false,true,false
v3,perpetual,true_oos,T2,H1,2025-07,USDRUBF,2023-01-03,true,false,AVAILABLE,4,5.26683397786,true,false,false
v3,perpetual,true_oos,T2,H1,2025-07,CNYRUBF,2023-01-03,true,false,AVAILABLE,3,7.15192524909,true,false,false
v3,perpetual,true_oos,T2,H1,2025-07,GLDRUBF,2023-07-11,true,false,AVAILABLE,1,-0.728054022044,false,true,false
v3,perpetual,true_oos,T2,H1,2025-07,IMOEXF,2023-11-14,true,false,AVAILABLE,3,-1.8043654354,false,true,false
v3,perpetual,true_oos,T2,H1,2025-08,USDRUBF,2023-01-03,true,false,AVAILABLE,2,-2.02055544613,false,true,false
v3,perpetual,true_oos,T2,H1,2025-08,CNYRUBF,2023-01-03,true,false,AVAILABLE,2,-1.10382665191,false,true,false
v3,perpetual,true_oos,T2,H1,2025-08,GLDRUBF,2023-07-11,true,false,AVAILABLE,2,-1.02304235302,false,true,false
v3,perpetual,true_oos,T2,H1,2025-08,IMOEXF,2023-11-14,true,false,AVAILABLE,1,-0.848507878029,false,true,false
v3,perpetual,true_oos,T2,H1,2025-09,USDRUBF,2023-01-03,true,false,NO_TRADES,0,0,false,false,true
v3,perpetual,true_oos,T2,H1,2025-09,CNYRUBF,2023-01-03,true,false,NO_TRADES,0,0,false,false,true
v3,perpetual,true_oos,T2,H1,2025-09,GLDRUBF,2023-07-11,true,false,AVAILABLE,4,10.181928975,true,false,false
v3,perpetual,true_oos,T2,H1,2025-09,IMOEXF,2023-11-14,true,false,AVAILABLE,5,-2.02027559391,false,true,false
v3,perpetual,true_oos,T2,H1,2025-10,USDRUBF,2023-01-03,true,false,AVAILABLE,3,-2.64148244386,false,true,false
v3,perpetual,true_oos,T2,H1,2025-10,CNYRUBF,2023-01-03,true,false,AVAILABLE,3,-2.68851048492,false,true,false
v3,perpetual,true_oos,T2,H1,2025-10,GLDRUBF,2023-07-11,true,false,AVAILABLE,4,5.41914444164,true,false,false
v3,perpetual,true_oos,T2,H1,2025-10,IMOEXF,2023-11-14,true,false,AVAILABLE,2,5.3727015971,true,false,false
v3,perpetual,true_oos,T2,H1,2025-11,USDRUBF,2023-01-03,true,false,AVAILABLE,1,4.61083552031,true,false,false
v3,perpetual,true_oos,T2,H1,2025-11,CNYRUBF,2023-01-03,true,false,AVAILABLE,2,-0.519442209563,false,true,false
v3,perpetual,true_oos,T2,H1,2025-11,GLDRUBF,2023-07-11,true,false,AVAILABLE,4,-0.040078363154,false,true,false
v3,perpetual,true_oos,T2,H1,2025-11,IMOEXF,2023-11-14,true,false,AVAILABLE,2,-1.80019047202,false,true,false
v3,perpetual,true_oos,T2,H1,2025-12,USDRUBF,2023-01-03,true,false,AVAILABLE,3,0.807424314787,true,false,false
v3,perpetual,true_oos,T2,H1,2025-12,CNYRUBF,2023-01-03,true,false,AVAILABLE,2,0.125646761759,true,false,false
v3,perpetual,true_oos,T2,H1,2025-12,GLDRUBF,2023-07-11,true,false,AVAILABLE,3,-0.175573828322,false,true,false
v3,perpetual,true_oos,T2,H1,2025-12,IMOEXF,2023-11-14,true,false,AVAILABLE,3,-1.04750872498,false,true,false
v3,perpetual,true_oos,T2,H1,2026-01,USDRUBF,2023-01-03,true,false,AVAILABLE,1,0.585517063789,true,false,false
v3,perpetual,true_oos,T2,H1,2026-01,CNYRUBF,2023-01-03,true,false,NO_TRADES,0,0,false,false,true
v3,perpetual,true_oos,T2,H1,2026-01,GLDRUBF,2023-07-11,true,false,AVAILABLE,1,-0.745146582239,false,true,false
v3,perpetual,true_oos,T2,H1,2026-01,IMOEXF,2023-11-14,true,false,AVAILABLE,4,-2.45974569735,false,true,false
v3,perpetual,true_oos,T2,H1,2026-02,USDRUBF,2023-01-03,true,false,AVAILABLE,1,-0.74431651687,false,true,false
v3,perpetual,true_oos,T2,H1,2026-02,CNYRUBF,2023-01-03,true,false,AVAILABLE,2,-0.420526334522,false,true,false
v3,perpetual,true_oos,T2,H1,2026-02,GLDRUBF,2023-07-11,true,false,AVAILABLE,3,0.97821620639,true,false,false
v3,perpetual,true_oos,T2,H1,2026-02,IMOEXF,2023-11-14,true,false,AVAILABLE,2,-0.395408328561,false,true,false
v3,perpetual,true_oos,T2,H1,2026-03,USDRUBF,2023-01-03,true,false,NO_TRADES,0,0,false,false,true
v3,perpetual,true_oos,T2,H1,2026-03,CNYRUBF,2023-01-03,true,false,NO_TRADES,0,0,false,false,true
v3,perpetual,true_oos,T2,H1,2026-03,GLDRUBF,2023-07-11,true,false,AVAILABLE,2,2.85471903185,true,false,false
v3,perpetual,true_oos,T2,H1,2026-03,IMOEXF,2023-11-14,true,false,AVAILABLE,4,-0.762702953318,false,true,false
v3,perpetual,true_oos,T2,H1,2026-04,USDRUBF,2023-01-03,true,false,AVAILABLE,2,12.4489625057,true,false,false
v3,perpetual,true_oos,T2,H1,2026-04,CNYRUBF,2023-01-03,true,false,AVAILABLE,3,-1.9696332285,false,true,false
v3,perpetual,true_oos,T2,H1,2026-04,GLDRUBF,2023-07-11,true,false,AVAILABLE,3,3.38263819835,true,false,false
v3,perpetual,true_oos,T2,H1,2026-04,IMOEXF,2023-11-14,true,false,AVAILABLE,4,9.37213081596,true,false,false
v3,perpetual,true_oos,T2,H1,2026-05,USDRUBF,2023-01-03,true,false,AVAILABLE,1,0.348287544569,true,false,false
v3,perpetual,true_oos,T2,H1,2026-05,CNYRUBF,2023-01-03,true,false,AVAILABLE,1,0.223915808171,true,false,false
v3,perpetual,true_oos,T2,H1,2026-05,GLDRUBF,2023-07-11,true,false,AVAILABLE,3,2.90378114203,true,false,false
v3,perpetual,true_oos,T2,H1,2026-05,IMOEXF,2023-11-14,true,false,AVAILABLE,5,-1.6247764569,false,true,false
v3,perpetual,true_oos,T2,H1,2026-06,USDRUBF,2023-01-03,true,false,AVAILABLE,2,1.80822968196,true,false,false
v3,perpetual,true_oos,T2,H1,2026-06,CNYRUBF,2023-01-03,true,false,AVAILABLE,1,-1.01745105812,false,true,false
v3,perpetual,true_oos,T2,H1,2026-06,GLDRUBF,2023-07-11,true,false,AVAILABLE,2,0.510516619464,true,false,false
v3,perpetual,true_oos,T2,H1,2026-06,IMOEXF,2023-11-14,true,false,AVAILABLE,3,-2.43362996518,false,true,false
v3,perpetual,true_oos,T2,H1,2026-07,USDRUBF,2023-01-03,true,false,AVAILABLE,3,5.99527826214,true,false,false
v3,perpetual,true_oos,T2,H1,2026-07,CNYRUBF,2023-01-03,true,false,AVAILABLE,4,5.02230415993,true,false,false
v3,perpetual,true_oos,T2,H1,2026-07,GLDRUBF,2023-07-11,true,false,AVAILABLE,4,0.49029449687,true,false,false
v3,perpetual,true_oos,T2,H1,2026-07,IMOEXF,2023-11-14,true,false,AVAILABLE,3,-0.471710530078,false,true,false
v3,perpetual,true_oos,T2,H1,2026-08,USDRUBF,2023-01-03,true,false,AVAILABLE,4,4.2331747696,true,false,false
v3,perpetual,true_oos,T2,H1,2026-08,CNYRUBF,2023-01-03,true,false,AVAILABLE,4,4.9480955111,true,false,false
v3,perpetual,true_oos,T2,H1,2026-08,GLDRUBF,2023-07-11,true,false,AVAILABLE,4,8.23647839521,true,false,false
v3,perpetual,true_oos,T2,H1,2026-08,IMOEXF,2023-11-14,true,false,AVAILABLE,1,-0.949646845332,false,true,false
v3,perpetual,true_oos,T2,H1,2026-09,USDRUBF,2023-01-03,true,false,NO_TRADES,0,0,false,false,true
v3,perpetual,true_oos,T2,H1,2026-09,CNYRUBF,2023-01-03,true,false,AVAILABLE,1,-1.05737553005,false,true,false
v3,perpetual,true_oos,T2,H1,2026-09,GLDRUBF,2023-07-11,true,false,AVAILABLE,3,-2.21806322106,false,true,false
v3,perpetual,true_oos,T2,H1,2026-09,IMOEXF,2023-11-14,true,false,AVAILABLE,3,-2.60831347009,false,true,false
v3,perpetual,true_oos,T3,M30,2025-01,USDRUBF,2023-01-03,true,false,AVAILABLE,1,0.27006880523,true,false,false
v3,perpetual,true_oos,T3,M30,2025-01,CNYRUBF,2023-01-03,true,false,AVAILABLE,2,0.361862402972,true,false,false
v3,perpetual,true_oos,T3,M30,2025-01,GLDRUBF,2023-07-11,true,false,AVAILABLE,1,-0.744170241334,false,true,false
v3,perpetual,true_oos,T3,M30,2025-01,IMOEXF,2023-11-14,true,false,NO_TRADES,0,0,false,false,true
v3,perpetual,true_oos,T3,M30,2025-02,USDRUBF,2023-01-03,true,false,AVAILABLE,4,0.716573537966,true,false,false
v3,perpetual,true_oos,T3,M30,2025-02,CNYRUBF,2023-01-03,true,false,AVAILABLE,4,4.4516240909,true,false,false
v3,perpetual,true_oos,T3,M30,2025-02,GLDRUBF,2023-07-11,true,false,AVAILABLE,5,0.0563248814242,true,false,false
v3,perpetual,true_oos,T3,M30,2025-02,IMOEXF,2023-11-14,true,false,AVAILABLE,6,5.95789683978,true,false,false
v3,perpetual,true_oos,T3,M30,2025-03,USDRUBF,2023-01-03,true,false,AVAILABLE,6,-4.07900083218,false,true,false
v3,perpetual,true_oos,T3,M30,2025-03,CNYRUBF,2023-01-03,true,false,AVAILABLE,4,-2.76186960285,false,true,false
v3,perpetual,true_oos,T3,M30,2025-03,GLDRUBF,2023-07-11,true,false,AVAILABLE,4,-0.903482441783,false,true,false
v3,perpetual,true_oos,T3,M30,2025-03,IMOEXF,2023-11-14,true,false,AVAILABLE,3,1.56949163882,true,false,false
v3,perpetual,true_oos,T3,M30,2025-04,USDRUBF,2023-01-03,true,false,AVAILABLE,2,-1.75840649274,false,true,false
v3,perpetual,true_oos,T3,M30,2025-04,CNYRUBF,2023-01-03,true,false,AVAILABLE,3,-1.41187112426,false,true,false
v3,perpetual,true_oos,T3,M30,2025-04,GLDRUBF,2023-07-11,true,false,AVAILABLE,1,0.827230220167,true,false,false
v3,perpetual,true_oos,T3,M30,2025-04,IMOEXF,2023-11-14,true,false,AVAILABLE,6,1.31926591077,true,false,false
v3,perpetual,true_oos,T3,M30,2025-05,USDRUBF,2023-01-03,true,false,AVAILABLE,5,-3.07670517438,false,true,false
v3,perpetual,true_oos,T3,M30,2025-05,CNYRUBF,2023-01-03,true,false,AVAILABLE,6,-4.91273402244,false,true,false
v3,perpetual,true_oos,T3,M30,2025-05,GLDRUBF,2023-07-11,true,false,AVAILABLE,1,-0.0211937390107,false,true,false
v3,perpetual,true_oos,T3,M30,2025-05,IMOEXF,2023-11-14,true,false,AVAILABLE,4,4.0518734641,true,false,false
v3,perpetual,true_oos,T3,M30,2025-06,USDRUBF,2023-01-03,true,false,AVAILABLE,1,-1.01271485537,false,true,false
v3,perpetual,true_oos,T3,M30,2025-06,CNYRUBF,2023-01-03,true,false,AVAILABLE,2,-2.18125114784,false,true,false
v3,perpetual,true_oos,T3,M30,2025-06,GLDRUBF,2023-07-11,true,false,NO_TRADES,0,0,false,false,true
v3,perpetual,true_oos,T3,M30,2025-06,IMOEXF,2023-11-14,true,false,AVAILABLE,3,-1.96562683096,false,true,false
v3,perpetual,true_oos,T3,M30,2025-07,USDRUBF,2023-01-03,true,false,AVAILABLE,4,9.27072361398,true,false,false
v3,perpetual,true_oos,T3,M30,2025-07,CNYRUBF,2023-01-03,true,false,AVAILABLE,8,6.65832598937,true,false,false
v3,perpetual,true_oos,T3,M30,2025-07,GLDRUBF,2023-07-11,true,false,AVAILABLE,6,2.65335055198,true,false,false
v3,perpetual,true_oos,T3,M30,2025-07,IMOEXF,2023-11-14,true,false,AVAILABLE,7,7.37771195621,true,false,false
v3,perpetual,true_oos,T3,M30,2025-08,USDRUBF,2023-01-03,true,false,NO_TRADES,0,0,false,false,true
v3,perpetual,true_oos,T3,M30,2025-08,CNYRUBF,2023-01-03,true,false,AVAILABLE,2,-0.014048508807,false,true,false
v3,perpetual,true_oos,T3,M30,2025-08,GLDRUBF,2023-07-11,true,false,AVAILABLE,3,2.20393411949,true,false,false
v3,perpetual,true_oos,T3,M30,2025-08,IMOEXF,2023-11-14,true,false,AVAILABLE,5,-0.529990786934,false,true,false
v3,perpetual,true_oos,T3,M30,2025-09,USDRUBF,2023-01-03,true,false,AVAILABLE,7,12.1935714388,true,false,false
v3,perpetual,true_oos,T3,M30,2025-09,CNYRUBF,2023-01-03,true,false,AVAILABLE,4,14.0215660398,true,false,false
v3,perpetual,true_oos,T3,M30,2025-09,GLDRUBF,2023-07-11,true,false,AVAILABLE,5,15.7549334576,true,false,false
v3,perpetual,true_oos,T3,M30,2025-09,IMOEXF,2023-11-14,true,false,AVAILABLE,7,4.04915154689,true,false,false
v3,perpetual,true_oos,T3,M30,2025-10,USDRUBF,2023-01-03,true,false,AVAILABLE,4,1.64923695152,true,false,false
v3,perpetual,true_oos,T3,M30,2025-10,CNYRUBF,2023-01-03,true,false,AVAILABLE,7,-2.41030461348,false,true,false
v3,perpetual,true_oos,T3,M30,2025-10,GLDRUBF,2023-07-11,true,false,AVAILABLE,4,1.53663221847,true,false,false
v3,perpetual,true_oos,T3,M30,2025-10,IMOEXF,2023-11-14,true,false,AVAILABLE,10,7.06422542023,true,false,false
v3,perpetual,true_oos,T3,M30,2025-11,USDRUBF,2023-01-03,true,false,AVAILABLE,2,0.744170911474,true,false,false
v3,perpetual,true_oos,T3,M30,2025-11,CNYRUBF,2023-01-03,true,false,AVAILABLE,2,2.707141495,true,false,false
v3,perpetual,true_oos,T3,M30,2025-11,GLDRUBF,2023-07-11,true,false,AVAILABLE,4,0.46264821754,true,false,false
v3,perpetual,true_oos,T3,M30,2025-11,IMOEXF,2023-11-14,true,false,AVAILABLE,4,-0.668666054599,false,true,false
v3,perpetual,true_oos,T3,M30,2025-12,USDRUBF,2023-01-03,true,false,AVAILABLE,6,-0.979927884025,false,true,false
v3,perpetual,true_oos,T3,M30,2025-12,CNYRUBF,2023-01-03,true,false,AVAILABLE,6,0.121895268185,true,false,false
v3,perpetual,true_oos,T3,M30,2025-12,GLDRUBF,2023-07-11,true,false,AVAILABLE,4,-0.715548538793,false,true,false
v3,perpetual,true_oos,T3,M30,2025-12,IMOEXF,2023-11-14,true,false,AVAILABLE,1,-1.00022803296,false,true,false
v3,perpetual,true_oos,T3,M30,2026-01,USDRUBF,2023-01-03,true,false,AVAILABLE,3,0.929808818187,true,false,false
v3,perpetual,true_oos,T3,M30,2026-01,CNYRUBF,2023-01-03,true,false,AVAILABLE,2,1.48302467955,true,false,false
v3,perpetual,true_oos,T3,M30,2026-01,GLDRUBF,2023-07-11,true,false,AVAILABLE,6,6.92986292523,true,false,false
v3,perpetual,true_oos,T3,M30,2026-01,IMOEXF,2023-11-14,true,false,AVAILABLE,4,-1.8703064973,false,true,false
v3,perpetual,true_oos,T3,M30,2026-02,USDRUBF,2023-01-03,true,false,AVAILABLE,1,-0.71859655872,false,true,false
v3,perpetual,true_oos,T3,M30,2026-02,CNYRUBF,2023-01-03,true,false,AVAILABLE,2,0.63864116518,true,false,false
v3,perpetual,true_oos,T3,M30,2026-02,GLDRUBF,2023-07-11,true,false,AVAILABLE,5,-1.71190623898,false,true,false
v3,perpetual,true_oos,T3,M30,2026-02,IMOEXF,2023-11-14,true,false,AVAILABLE,3,-1.8120779854,false,true,false
v3,perpetual,true_oos,T3,M30,2026-03,USDRUBF,2023-01-03,true,false,AVAILABLE,6,6.89167202985,true,false,false
v3,perpetual,true_oos,T3,M30,2026-03,CNYRUBF,2023-01-03,true,false,AVAILABLE,5,8.27144608106,true,false,false
v3,perpetual,true_oos,T3,M30,2026-03,GLDRUBF,2023-07-11,true,false,AVAILABLE,4,5.03270358171,true,false,false
v3,perpetual,true_oos,T3,M30,2026-03,IMOEXF,2023-11-14,true,false,AVAILABLE,3,-2.51136927093,false,true,false
v3,perpetual,true_oos,T3,M30,2026-04,USDRUBF,2023-01-03,true,false,AVAILABLE,6,-0.060306540808,false,true,false
v3,perpetual,true_oos,T3,M30,2026-04,CNYRUBF,2023-01-03,true,false,AVAILABLE,3,3.40687261328,true,false,false
v3,perpetual,true_oos,T3,M30,2026-04,GLDRUBF,2023-07-11,true,false,AVAILABLE,4,-1.70427556788,false,true,false
v3,perpetual,true_oos,T3,M30,2026-04,IMOEXF,2023-11-14,true,false,AVAILABLE,6,6.05972712846,true,false,false
v3,perpetual,true_oos,T3,M30,2026-05,USDRUBF,2023-01-03,true,false,AVAILABLE,3,6.65780354841,true,false,false
v3,perpetual,true_oos,T3,M30,2026-05,CNYRUBF,2023-01-03,true,false,AVAILABLE,3,6.58208323442,true,false,false
v3,perpetual,true_oos,T3,M30,2026-05,GLDRUBF,2023-07-11,true,false,AVAILABLE,6,5.69820489949,true,false,false
v3,perpetual,true_oos,T3,M30,2026-05,IMOEXF,2023-11-14,true,false,AVAILABLE,8,-5.01929828609,false,true,false
v3,perpetual,true_oos,T3,M30,2026-06,USDRUBF,2023-01-03,true,false,AVAILABLE,7,4.12201186594,true,false,false
v3,perpetual,true_oos,T3,M30,2026-06,CNYRUBF,2023-01-03,true,false,AVAILABLE,8,2.71349882065,true,false,false
v3,perpetual,true_oos,T3,M30,2026-06,GLDRUBF,2023-07-11,true,false,AVAILABLE,6,2.9333298437,true,false,false
v3,perpetual,true_oos,T3,M30,2026-06,IMOEXF,2023-11-14,true,false,AVAILABLE,11,6.01097686558,true,false,false
v3,perpetual,true_oos,T3,M30,2026-07,USDRUBF,2023-01-03,true,false,AVAILABLE,4,1.97449913174,true,false,false
v3,perpetual,true_oos,T3,M30,2026-07,CNYRUBF,2023-01-03,true,false,AVAILABLE,5,0.583570337488,true,false,false
v3,perpetual,true_oos,T3,M30,2026-07,GLDRUBF,2023-07-11,true,false,AVAILABLE,8,-5.67335450535,false,true,false
v3,perpetual,true_oos,T3,M30,2026-07,IMOEXF,2023-11-14,true,false,AVAILABLE,6,0.548182788556,true,false,false
v3,perpetual,true_oos,T3,M30,2026-08,USDRUBF,2023-01-03,true,false,AVAILABLE,7,7.09980112922,true,false,false
v3,perpetual,true_oos,T3,M30,2026-08,CNYRUBF,2023-01-03,true,false,AVAILABLE,9,6.26593650505,true,false,false
v3,perpetual,true_oos,T3,M30,2026-08,GLDRUBF,2023-07-11,true,false,AVAILABLE,9,9.82332341948,true,false,false
v3,perpetual,true_oos,T3,M30,2026-08,IMOEXF,2023-11-14,true,false,AVAILABLE,5,1.48406140851,true,false,false
v3,perpetual,true_oos,T3,M30,2026-09,USDRUBF,2023-01-03,true,false,AVAILABLE,3,0.393334236241,true,false,false
v3,perpetual,true_oos,T3,M30,2026-09,CNYRUBF,2023-01-03,true,false,AVAILABLE,4,-0.20676700957,false,true,false
v3,perpetual,true_oos,T3,M30,2026-09,GLDRUBF,2023-07-11,true,false,AVAILABLE,5,-1.07474049324,false,true,false
v3,perpetual,true_oos,T3,M30,2026-09,IMOEXF,2023-11-14,true,false,AVAILABLE,3,-0.60290898826,false,true,false
v3,perpetual,true_oos,T3,H1,2025-02,USDRUBF,2023-01-03,true,false,NO_TRADES,0,0,false,false,true
v3,perpetual,true_oos,T3,H1,2025-02,CNYRUBF,2023-01-03,true,false,AVAILABLE,1,1.18972482861,true,false,false
v3,perpetual,true_oos,T3,H1,2025-02,GLDRUBF,2023-07-11,true,false,AVAILABLE,1,-0.416577065511,false,true,false
v3,perpetual,true_oos,T3,H1,2025-02,IMOEXF,2023-11-14,true,false,AVAILABLE,1,-0.766121545308,false,true,false
v3,perpetual,true_oos,T3,H1,2025-03,USDRUBF,2023-01-03,true,false,AVAILABLE,3,0.663719071815,true,false,false
v3,perpetual,true_oos,T3,H1,2025-03,CNYRUBF,2023-01-03,true,false,AVAILABLE,2,1.7323382629,true,false,false
v3,perpetual,true_oos,T3,H1,2025-03,GLDRUBF,2023-07-11,true,false,NO_TRADES,0,0,false,false,true
v3,perpetual,true_oos,T3,H1,2025-03,IMOEXF,2023-11-14,true,false,AVAILABLE,1,-0.21052629902,false,true,false
v3,perpetual,true_oos,T3,H1,2025-04,USDRUBF,2023-01-03,true,false,AVAILABLE,3,-2.12815052154,false,true,false
v3,perpetual,true_oos,T3,H1,2025-04,CNYRUBF,2023-01-03,true,false,AVAILABLE,3,-2.12310961987,false,true,false
v3,perpetual,true_oos,T3,H1,2025-04,GLDRUBF,2023-07-11,true,false,AVAILABLE,2,0.143692253997,true,false,false
v3,perpetual,true_oos,T3,H1,2025-04,IMOEXF,2023-11-14,true,false,AVAILABLE,4,1.56323188824,true,false,false
v3,perpetual,true_oos,T3,H1,2025-05,USDRUBF,2023-01-03,true,false,AVAILABLE,1,-0.174164473366,false,true,false
v3,perpetual,true_oos,T3,H1,2025-05,CNYRUBF,2023-01-03,true,false,NO_TRADES,0,0,false,false,true
v3,perpetual,true_oos,T3,H1,2025-05,GLDRUBF,2023-07-11,true,false,NO_TRADES,0,0,false,false,true
v3,perpetual,true_oos,T3,H1,2025-05,IMOEXF,2023-11-14,true,false,AVAILABLE,1,1.72970620546,true,false,false
v3,perpetual,true_oos,T3,H1,2025-06,USDRUBF,2023-01-03,true,false,NO_TRADES,0,0,false,false,true
v3,perpetual,true_oos,T3,H1,2025-06,CNYRUBF,2023-01-03,true,false,AVAILABLE,1,-0.844255061,false,true,false
v3,perpetual,true_oos,T3,H1,2025-06,GLDRUBF,2023-07-11,true,false,NO_TRADES,0,0,false,false,true
v3,perpetual,true_oos,T3,H1,2025-06,IMOEXF,2023-11-14,true,false,NO_TRADES,0,0,false,false,true
v3,perpetual,true_oos,T3,H1,2025-07,USDRUBF,2023-01-03,true,false,AVAILABLE,4,2.08172163436,true,false,false
v3,perpetual,true_oos,T3,H1,2025-07,CNYRUBF,2023-01-03,true,false,AVAILABLE,4,4.54795892711,true,false,false
v3,perpetual,true_oos,T3,H1,2025-07,GLDRUBF,2023-07-11,true,false,AVAILABLE,2,-1.50864505306,false,true,false
v3,perpetual,true_oos,T3,H1,2025-07,IMOEXF,2023-11-14,true,false,AVAILABLE,4,1.9721647348,true,false,false
v3,perpetual,true_oos,T3,H1,2025-08,USDRUBF,2023-01-03,true,false,NO_TRADES,0,0,false,false,true
v3,perpetual,true_oos,T3,H1,2025-08,CNYRUBF,2023-01-03,true,false,AVAILABLE,1,-0.769219825888,false,true,false
v3,perpetual,true_oos,T3,H1,2025-08,GLDRUBF,2023-07-11,true,false,NO_TRADES,0,0,false,false,true
v3,perpetual,true_oos,T3,H1,2025-08,IMOEXF,2023-11-14,true,false,AVAILABLE,1,0.823954535017,true,false,false
v3,perpetual,true_oos,T3,H1,2025-09,USDRUBF,2023-01-03,true,false,AVAILABLE,2,8.16833009311,true,false,false
v3,perpetual,true_oos,T3,H1,2025-09,CNYRUBF,2023-01-03,true,false,AVAILABLE,2,7.76788554964,true,false,false
v3,perpetual,true_oos,T3,H1,2025-09,GLDRUBF,2023-07-11,true,false,AVAILABLE,5,14.3506139645,true,false,false
v3,perpetual,true_oos,T3,H1,2025-09,IMOEXF,2023-11-14,true,false,AVAILABLE,7,-2.81924261489,false,true,false
v3,perpetual,true_oos,T3,H1,2025-10,USDRUBF,2023-01-03,true,false,AVAILABLE,4,1.87079414318,true,false,false
v3,perpetual,true_oos,T3,H1,2025-10,CNYRUBF,2023-01-03,true,false,AVAILABLE,6,-0.485097705776,false,true,false
v3,perpetual,true_oos,T3,H1,2025-10,GLDRUBF,2023-07-11,true,false,AVAILABLE,6,5.9513433376,true,false,false
v3,perpetual,true_oos,T3,H1,2025-10,IMOEXF,2023-11-14,true,false,AVAILABLE,6,2.3661848843,true,false,false
v3,perpetual,true_oos,T3,H1,2025-11,USDRUBF,2023-01-03,true,false,AVAILABLE,3,-1.55790660161,false,true,false
v3,perpetual,true_oos,T3,H1,2025-11,CNYRUBF,2023-01-03,true,false,AVAILABLE,2,-0.589133521051,false,true,false
v3,perpetual,true_oos,T3,H1,2025-11,GLDRUBF,2023-07-11,true,false,AVAILABLE,2,-1.97829543222,false,true,false
v3,perpetual,true_oos,T3,H1,2025-11,IMOEXF,2023-11-14,true,false,AVAILABLE,1,-0.899837283747,false,true,false
v3,perpetual,true_oos,T3,H1,2025-12,USDRUBF,2023-01-03,true,false,AVAILABLE,5,-1.87591385362,false,true,false
v3,perpetual,true_oos,T3,H1,2025-12,CNYRUBF,2023-01-03,true,false,AVAILABLE,5,-1.01720834745,false,true,false
v3,perpetual,true_oos,T3,H1,2025-12,GLDRUBF,2023-07-11,true,false,AVAILABLE,2,-1.16485823256,false,true,false
v3,perpetual,true_oos,T3,H1,2025-12,IMOEXF,2023-11-14,true,false,AVAILABLE,2,0.06408458408,true,false,false
v3,perpetual,true_oos,T3,H1,2026-01,USDRUBF,2023-01-03,true,false,AVAILABLE,2,-0.354661806766,false,true,false
v3,perpetual,true_oos,T3,H1,2026-01,CNYRUBF,2023-01-03,true,false,AVAILABLE,2,0.813012398533,true,false,false
v3,perpetual,true_oos,T3,H1,2026-01,GLDRUBF,2023-07-11,true,false,AVAILABLE,4,5.32713823038,true,false,false
v3,perpetual,true_oos,T3,H1,2026-01,IMOEXF,2023-11-14,true,false,AVAILABLE,3,0.281829234796,true,false,false
v3,perpetual,true_oos,T3,H1,2026-02,USDRUBF,2023-01-03,true,false,AVAILABLE,1,-0.715595293927,false,true,false
v3,perpetual,true_oos,T3,H1,2026-02,CNYRUBF,2023-01-03,true,false,AVAILABLE,1,-1.0501541399,false,true,false
v3,perpetual,true_oos,T3,H1,2026-02,GLDRUBF,2023-07-11,true,false,AVAILABLE,1,-0.236214798115,false,true,false
v3,perpetual,true_oos,T3,H1,2026-02,IMOEXF,2023-11-14,true,false,AVAILABLE,1,-0.256897824498,false,true,false
v3,perpetual,true_oos,T3,H1,2026-03,USDRUBF,2023-01-03,true,false,AVAILABLE,4,7.84753365668,true,false,false
v3,perpetual,true_oos,T3,H1,2026-03,CNYRUBF,2023-01-03,true,false,AVAILABLE,5,4.23825468685,true,false,false
v3,perpetual,true_oos,T3,H1,2026-03,GLDRUBF,2023-07-11,true,false,AVAILABLE,3,0.957086724877,true,false,false
v3,perpetual,true_oos,T3,H1,2026-03,IMOEXF,2023-11-14,true,false,AVAILABLE,3,1.18206819966,true,false,false
v3,perpetual,true_oos,T3,H1,2026-04,USDRUBF,2023-01-03,true,false,AVAILABLE,2,0.33287127621,true,false,false
v3,perpetual,true_oos,T3,H1,2026-04,CNYRUBF,2023-01-03,true,false,AVAILABLE,1,0.825581742913,true,false,false
v3,perpetual,true_oos,T3,H1,2026-04,GLDRUBF,2023-07-11,true,false,NO_TRADES,0,0,false,false,true
v3,perpetual,true_oos,T3,H1,2026-04,IMOEXF,2023-11-14,true,false,AVAILABLE,4,-0.344815154971,false,true,false
v3,perpetual,true_oos,T3,H1,2026-05,USDRUBF,2023-01-03,true,false,AVAILABLE,2,0.917772370377,true,false,false
v3,perpetual,true_oos,T3,H1,2026-05,CNYRUBF,2023-01-03,true,false,AVAILABLE,2,1.1377419074,true,false,false
v3,perpetual,true_oos,T3,H1,2026-05,GLDRUBF,2023-07-11,true,false,AVAILABLE,3,0.861797435909,true,false,false
v3,perpetual,true_oos,T3,H1,2026-05,IMOEXF,2023-11-14,true,false,AVAILABLE,4,-2.59812260071,false,true,false
v3,perpetual,true_oos,T3,H1,2026-06,USDRUBF,2023-01-03,true,false,AVAILABLE,4,2.20563913411,true,false,false
v3,perpetual,true_oos,T3,H1,2026-06,CNYRUBF,2023-01-03,true,false,AVAILABLE,4,2.8961796125,true,false,false
v3,perpetual,true_oos,T3,H1,2026-06,GLDRUBF,2023-07-11,true,false,AVAILABLE,3,2.53081220567,true,false,false
v3,perpetual,true_oos,T3,H1,2026-06,IMOEXF,2023-11-14,true,false,AVAILABLE,5,3.69952277257,true,false,false
v3,perpetual,true_oos,T3,H1,2026-07,USDRUBF,2023-01-03,true,false,AVAILABLE,1,-0.427825049416,false,true,false
v3,perpetual,true_oos,T3,H1,2026-07,CNYRUBF,2023-01-03,true,false,AVAILABLE,1,-0.401676047158,false,true,false
v3,perpetual,true_oos,T3,H1,2026-07,GLDRUBF,2023-07-11,true,false,AVAILABLE,1,-0.799533004739,false,true,false
v3,perpetual,true_oos,T3,H1,2026-07,IMOEXF,2023-11-14,true,false,AVAILABLE,5,-2.4569577788,false,true,false
v3,perpetual,true_oos,T3,H1,2026-08,USDRUBF,2023-01-03,true,false,AVAILABLE,6,7.94225371879,true,false,false
v3,perpetual,true_oos,T3,H1,2026-08,CNYRUBF,2023-01-03,true,false,AVAILABLE,6,5.60490359695,true,false,false
v3,perpetual,true_oos,T3,H1,2026-08,GLDRUBF,2023-07-11,true,false,AVAILABLE,5,11.5209740799,true,false,false
v3,perpetual,true_oos,T3,H1,2026-08,IMOEXF,2023-11-14,true,false,AVAILABLE,3,0.638778332771,true,false,false
v3,perpetual,true_oos,T3,H1,2026-09,USDRUBF,2023-01-03,true,false,AVAILABLE,2,-1.50872770193,false,true,false
v3,perpetual,true_oos,T3,H1,2026-09,CNYRUBF,2023-01-03,true,false,AVAILABLE,2,-1.84933338732,false,true,false
v3,perpetual,true_oos,T3,H1,2026-09,GLDRUBF,2023-07-11,true,false,AVAILABLE,1,0.660424695059,true,false,false
v3,perpetual,true_oos,T3,H1,2026-09,IMOEXF,2023-11-14,true,false,AVAILABLE,2,-0.649792745619,false,true,false
